
( 0 1 2 3 4 5 6 7 8 9 10 ) : 11
1 
( 7 8 9 ) : 3
1 2 
( 7 8 9 ) : 3
1 2 3 
( 7 9 ) : 2
1 3 
( 7 9 ) : 2
2 
( 7 8 9 ) : 3
2 3 
( 7 9 ) : 2
3 
( 7 9 ) : 2
5 
( 4 ) : 1
10 
( 5 ) : 1
10 11 
( 5 ) : 1
11 
( 5 ) : 1
17 
( 1 2 ) : 2
17 24 
( 1 2 ) : 2
17 24 25 
( 2 ) : 1
17 24 25 35 
( 2 ) : 1
17 24 25 35 62 
( 2 ) : 1
17 24 25 62 
( 2 ) : 1
17 24 35 
( 1 2 ) : 2
17 24 35 62 
( 2 ) : 1
17 24 62 
( 2 ) : 1
17 25 
( 2 ) : 1
17 25 35 
( 2 ) : 1
17 25 35 62 
( 2 ) : 1
17 25 62 
( 2 ) : 1
17 35 
( 1 2 ) : 2
17 35 62 
( 2 ) : 1
17 62 
( 2 ) : 1
24 
( 1 2 ) : 2
24 25 
( 2 ) : 1
24 25 35 
( 2 ) : 1
24 25 35 62 
( 2 ) : 1
24 25 62 
( 2 ) : 1
24 35 
( 1 2 ) : 2
24 35 62 
( 2 ) : 1
24 62 
( 2 ) : 1
25 
( 2 ) : 1
25 35 
( 2 ) : 1
25 35 62 
( 2 ) : 1
25 62 
( 2 ) : 1
35 
( 1 2 ) : 2
35 62 
( 2 ) : 1
62 
( 2 ) : 1
63 
( 3 4 ) : 2
63 5 
( 4 ) : 1
64 
( 3 4 ) : 2
64 5 
( 4 ) : 1
64 63 
( 3 4 ) : 2
64 63 5 
( 4 ) : 1
65 
( 3 4 ) : 2
65 5 
( 4 ) : 1
65 63 
( 3 4 ) : 2
65 63 5 
( 4 ) : 1
65 64 
( 3 4 ) : 2
65 64 5 
( 4 ) : 1
65 64 63 
( 3 4 ) : 2
65 64 63 5 
( 4 ) : 1
