38 2 (38.9594)
123 2 (28.934)
123 38 (27.665)
8 2 (29.3147)
8 38 2 (20.0508)
8 38 (29.9492)
8 123 (23.3503)
137 2 (27.1574)
137 38 (24.4924)
137 123 (25)
137 8 (24.3655)
113 2 (28.4264)
113 38 (28.2995)
113 123 (24.6193)
113 8 (22.0812)
113 137 (20.4315)
114 2 (25.6345)
114 38 (24.6193)
114 123 (22.8426)
114 8 (22.8426)
114 137 (22.2081)
114 113 (22.8426)
77 2 (25.8883)
77 38 (25.1269)
77 123 (22.4619)
77 8 (23.6041)
77 137 (21.5736)
77 113 (20.4315)
200 2 (25.6345)
200 38 (25.6345)
200 123 (27.5381)
200 8 (21.7005)
215 2 (23.4772)
215 38 (24.8731)
215 123 (22.335)
215 8 (22.2081)
215 137 (21.9543)
215 113 (22.4619)
47 2 (24.3655)
47 38 (25.8883)
47 123 (21.8274)
47 8 (20.4315)
47 113 (20.1777)
47 114 (20.1777)
24 2 (24.8731)
24 38 (25.1269)
24 123 (23.0964)
24 113 (20.3046)
24 47 (20.3046)
256 2 (20.4315)
256 38 (20.5584)
152 2 (20.4315)
152 38 (21.3198)
74 2 (20.3046)
74 38 (22.2081)
11 38 (20.1777)
