= (25.3521)
11 13 32 (20.4225)
11 5 6 0 (20.4225)
11 5 32 (20.4225)
11 5 (21.1268)
11 6 32 0 (20.4225)
11 6 0 (21.1268)
11 0 32 (21.831)
11 0 (22.5352)
11 8 2 32 (20.4225)
11 8 2 (21.1268)
11 8 32 (21.1268)
11 8 (21.831)
11 17 32 (20.4225)
11 17 (21.1268)
11 32 20 (21.831)
11 32 (24.6479)
11 20 (22.5352)
11 (25.3521)
26 7 4 10 1 15 8 19 2 17 22 20 (20.4225)
26 7 4 1 15 8 19 2 17 22 20 (21.1268)
26 7 1 8 19 2 17 22 20 (21.831)
26 15 10 8 2 22 19 17 20 (21.1268)
26 15 31 8 2 22 19 17 20 (20.4225)
26 15 20 8 2 22 19 17 (23.9437)
26 15 8 2 22 19 17 (24.6479)
26 10 8 2 22 19 17 20 (21.831)
26 31 8 2 22 19 17 20 (21.831)
26 19 32 20 8 2 22 17 (20.4225)
26 19 32 8 2 22 17 (21.1268)
26 19 20 8 2 22 17 (25.3521)
26 19 8 2 22 17 (26.0563)
26 32 20 8 2 22 (21.1268)
26 32 8 2 22 (21.831)
26 20 8 2 22 (26.0563)
26 8 2 22 (26.7606)
14 34 5 22 6 0 (21.1268)
14 34 22 6 0 (21.831)
14 5 6 19 20 22 0 (20.4225)
14 5 6 19 22 0 (21.831)
14 5 6 32 20 22 0 (22.5352)
14 5 6 32 22 0 (23.9437)
14 5 6 20 22 0 (24.6479)
14 5 6 22 0 (26.7606)
14 5 19 20 22 (21.1268)
14 5 19 22 (22.5352)
14 5 32 20 22 (23.2394)
14 5 32 22 (24.6479)
14 5 20 22 (25.3521)
14 5 22 (27.4648)
14 6 19 22 0 (22.5352)
14 6 32 22 0 (24.6479)
14 6 22 0 (27.4648)
14 19 32 22 (20.4225)
14 19 22 (23.2394)
14 32 22 (25.3521)
14 22 (28.169)
7 4 35 1 15 8 19 2 17 20 (21.831)
7 4 10 31 1 15 19 2 17 20 22 (21.1268)
7 4 10 8 1 15 19 2 17 20 22 (23.2394)
7 4 10 1 15 19 2 17 20 22 (24.6479)
7 4 31 8 22 1 15 19 2 17 20 (20.4225)
7 4 31 8 1 15 19 2 17 20 (22.5352)
7 4 31 22 1 15 19 2 17 20 (21.831)
7 4 31 1 15 19 2 17 20 (23.9437)
7 4 8 22 1 15 19 2 17 20 (23.9437)
7 4 8 32 1 15 19 2 17 20 (21.1268)
7 4 8 1 15 19 2 17 20 (26.7606)
7 4 22 1 15 19 2 17 20 (25.3521)
7 4 32 1 15 19 2 17 20 (22.5352)
7 4 1 15 19 2 17 20 (28.169)
7 35 1 8 19 2 17 20 (22.5352)
7 31 8 22 1 19 2 17 20 (21.1268)
7 31 8 1 19 2 17 20 (23.2394)
7 31 22 1 19 2 17 20 (22.5352)
7 31 32 1 19 2 17 20 (20.4225)
7 31 1 19 2 17 20 (24.6479)
7 8 22 1 19 2 17 20 (24.6479)
7 8 32 1 19 2 17 20 (21.831)
7 8 1 19 2 17 20 (27.4648)
7 22 32 1 19 2 17 20 (20.4225)
7 22 1 19 2 17 20 (26.0563)
7 32 1 19 2 17 20 (23.2394)
7 1 19 2 17 20 (28.8732)
4 15 31 8 22 2 17 (21.1268)
4 15 31 8 2 17 (23.2394)
4 15 31 22 2 17 (22.5352)
4 15 31 32 2 17 (20.4225)
4 15 31 2 17 (24.6479)
4 15 8 22 2 17 (24.6479)
4 15 8 32 2 17 (21.831)
4 15 8 2 17 (27.4648)
4 15 22 32 2 17 (20.4225)
4 15 22 2 17 (26.0563)
4 15 32 2 17 (23.2394)
4 15 2 17 (28.8732)
4 10 31 8 19 2 22 (20.4225)
4 10 31 19 2 22 (21.831)
4 10 8 19 2 22 (23.9437)
4 10 19 2 22 (25.3521)
4 31 8 19 22 2 (21.1268)
4 31 8 19 2 (23.2394)
4 31 8 22 2 (21.831)
4 31 8 2 (23.9437)
4 31 19 22 2 (22.5352)
4 31 19 32 2 (20.4225)
4 31 19 2 (24.6479)
4 31 22 2 (23.2394)
4 31 32 2 (21.1268)
4 31 2 (25.3521)
4 8 19 22 2 (24.6479)
4 8 19 32 2 (21.831)
4 8 19 2 (27.4648)
4 8 22 2 (25.3521)
4 8 32 2 (22.5352)
4 8 2 (28.169)
4 19 22 32 2 (20.4225)
4 19 22 2 (26.0563)
4 19 32 2 (23.2394)
4 19 2 (28.8732)
4 2 22 32 (21.1268)
4 2 22 (26.7606)
4 2 32 (23.9437)
4 2 (29.5775)
4 (30.2817)
35 15 31 20 8 2 17 (20.4225)
35 15 31 8 2 17 (21.1268)
35 15 32 8 2 17 (20.4225)
35 15 20 8 2 17 (23.9437)
35 15 8 2 17 (24.6479)
35 10 8 19 17 22 20 (20.4225)
35 10 19 17 22 20 (21.831)
35 31 8 19 17 20 (21.831)
35 31 8 2 20 17 (21.831)
35 31 8 2 17 (22.5352)
35 31 8 32 20 17 (20.4225)
35 31 8 32 17 (21.1268)
35 31 8 20 17 (23.9437)
35 31 8 17 (24.6479)
35 31 19 22 17 20 (21.831)
35 31 19 32 17 20 (20.4225)
35 31 19 17 20 (23.9437)
35 31 32 20 17 (22.5352)
35 31 32 17 (23.2394)
35 31 20 17 (26.0563)
35 31 17 (26.7606)
35 8 19 2 22 17 20 (20.4225)
35 8 19 2 17 20 (23.2394)
35 8 19 22 17 20 (22.5352)
35 8 19 32 17 20 (21.1268)
35 8 19 17 20 (25.3521)
35 8 2 17 32 20 (21.1268)
35 8 2 17 32 (21.831)
35 8 2 17 20 (25.3521)
35 8 2 17 (26.0563)
35 8 2 22 20 (21.1268)
35 8 2 32 20 (21.831)
35 8 2 32 (22.5352)
35 8 2 20 (26.0563)
35 8 2 (26.7606)
35 8 17 32 20 (23.2394)
35 8 17 32 (23.9437)
35 8 17 20 (27.4648)
35 8 17 (28.169)
35 8 22 20 (23.2394)
35 8 32 20 (23.9437)
35 8 32 (24.6479)
35 8 20 (28.169)
35 8 (28.8732)
35 19 22 32 17 20 (20.4225)
35 19 22 17 20 (24.6479)
35 19 32 17 20 (23.2394)
35 19 17 20 (27.4648)
35 17 32 20 (25.3521)
35 17 32 (26.0563)
35 17 20 (29.5775)
35 17 (30.2817)
35 22 32 20 (21.1268)
35 22 20 (25.3521)
35 32 20 (26.0563)
35 32 (26.7606)
35 20 (30.2817)
35 (30.9859)
1 10 32 20 19 2 22 (20.4225)
1 10 32 19 2 22 (21.1268)
1 10 20 19 2 22 (26.0563)
1 10 19 2 22 (27.4648)
1 22 32 20 19 2 (21.831)
1 22 32 19 2 (22.5352)
1 22 20 19 2 (27.4648)
1 22 19 2 (28.8732)
1 32 20 19 2 (24.6479)
1 32 19 2 (25.3521)
1 20 19 2 (30.2817)
1 19 2 (31.6901)
12 34 (20.4225)
12 10 2 19 22 (20.4225)
12 10 17 19 22 20 (20.4225)
12 10 20 19 22 (25.3521)
12 10 19 22 (26.7606)
12 31 19 17 20 22 (20.4225)
12 31 17 20 (23.2394)
12 19 2 22 (21.1268)
12 19 17 22 20 (22.5352)
12 19 32 20 22 (21.1268)
12 19 32 22 (21.831)
12 19 20 22 (27.4648)
12 19 22 (28.8732)
12 2 20 (22.5352)
12 2 (23.9437)
12 17 20 (25.3521)
12 32 20 (23.2394)
12 32 (23.9437)
12 20 (30.2817)
12 (31.6901)
13 5 6 32 0 (22.5352)
13 5 20 32 (20.4225)
13 5 32 (23.2394)
13 15 31 32 8 2 17 (21.1268)
13 15 31 8 2 17 (21.831)
13 15 32 20 8 2 17 (21.831)
13 15 32 8 2 17 (24.6479)
13 15 20 8 2 17 (23.2394)
13 15 8 2 17 (26.0563)
13 6 0 32 (23.9437)
13 0 8 32 (20.4225)
13 0 20 32 (21.1268)
13 0 32 (25.3521)
13 31 8 2 17 32 (21.831)
13 31 8 2 17 20 (20.4225)
13 31 8 2 17 (22.5352)
13 31 8 2 32 (22.5352)
13 31 8 2 (23.2394)
13 31 8 17 32 20 (21.831)
13 31 8 17 32 (23.9437)
13 31 8 17 20 (22.5352)
13 31 8 17 (24.6479)
13 31 8 32 (24.6479)
13 31 8 (25.3521)
13 31 19 17 32 20 (20.4225)
13 31 19 17 32 (21.1268)
13 31 19 17 20 (21.1268)
13 31 19 17 (21.831)
13 31 19 22 (20.4225)
13 31 19 32 (21.831)
13 31 19 (22.5352)
13 31 17 22 (20.4225)
13 31 17 32 20 (26.0563)
13 31 17 32 (28.169)
13 31 17 20 (26.7606)
13 31 17 (28.8732)
13 31 22 32 (20.4225)
13 31 22 (21.1268)
13 31 32 (28.8732)
13 31 (29.5775)
13 8 19 2 (20.4225)
13 8 19 17 32 (20.4225)
13 8 19 17 20 (20.4225)
13 8 19 17 (21.831)
13 8 19 32 (21.1268)
13 8 19 (22.5352)
13 8 2 17 32 20 (22.5352)
13 8 2 17 32 (25.3521)
13 8 2 17 20 (23.9437)
13 8 2 17 (26.7606)
13 8 2 22 32 (21.831)
13 8 2 22 (23.2394)
13 8 2 32 20 (26.7606)
13 8 2 32 (30.9859)
13 8 2 20 (28.169)
13 8 2 (32.3944)
13 8 17 32 20 (24.6479)
13 8 17 32 (27.4648)
13 8 17 20 (26.0563)
13 8 17 (28.8732)
13 8 22 32 20 (20.4225)
13 8 22 32 (23.9437)
13 8 22 20 (21.831)
13 8 22 (25.3521)
13 8 32 20 (28.8732)
13 8 32 (33.0986)
13 8 20 (30.2817)
13 8 (34.507)
13 19 2 (21.1268)
13 19 17 22 32 20 (20.4225)
13 19 17 22 32 (21.831)
13 19 17 22 20 (21.831)
13 19 17 22 (23.2394)
13 19 17 32 20 (23.2394)
13 19 17 32 (24.6479)
13 19 17 20 (24.6479)
13 19 17 (26.0563)
13 19 22 32 20 (21.1268)
13 19 22 32 (23.2394)
13 19 22 20 (22.5352)
13 19 22 (24.6479)
13 19 32 20 (23.9437)
13 19 32 (26.0563)
13 19 20 (25.3521)
13 19 (27.4648)
13 2 22 32 (22.5352)
13 2 22 20 (20.4225)
13 2 22 (23.9437)
13 2 32 20 (27.4648)
13 2 32 (31.6901)
13 2 20 (28.8732)
13 2 (33.0986)
13 17 22 32 (22.5352)
13 17 22 (23.9437)
13 17 32 20 (28.8732)
13 17 32 (31.6901)
13 17 20 (30.2817)
13 17 (33.0986)
13 22 32 20 (25.3521)
13 22 32 (28.8732)
13 22 20 (26.7606)
13 22 (30.2817)
13 32 20 (33.8028)
13 32 (38.0282)
13 20 (35.2113)
13 (39.4366)
34 5 19 6 0 22 (21.831)
34 5 2 32 6 0 (21.1268)
34 5 2 6 0 (22.5352)
34 5 17 6 0 (21.1268)
34 5 22 32 20 6 0 (20.4225)
34 5 22 32 6 0 (23.2394)
34 5 22 20 6 0 (22.5352)
34 5 22 6 0 (26.0563)
34 5 32 20 6 0 (26.0563)
34 5 32 6 0 (28.8732)
34 5 20 6 0 (28.8732)
34 5 6 0 (32.3944)
34 6 31 0 (20.4225)
34 6 8 0 (20.4225)
34 6 19 0 22 (22.5352)
34 6 2 32 0 (22.5352)
34 6 2 0 (23.9437)
34 6 17 0 (21.831)
34 6 22 32 0 (24.6479)
34 6 22 0 (27.4648)
34 6 32 0 (30.2817)
34 6 0 (33.8028)
34 10 19 20 22 (20.4225)
34 10 19 22 (23.2394)
34 10 20 22 (21.1268)
34 10 22 (23.9437)
34 31 17 32 20 (20.4225)
34 31 17 32 (21.831)
34 31 17 20 (23.9437)
34 31 17 (25.3521)
34 31 32 (22.5352)
34 31 (26.0563)
34 8 2 32 (22.5352)
34 8 2 20 (21.1268)
34 8 2 (24.6479)
34 8 32 (23.2394)
34 8 20 (21.831)
34 8 (25.3521)
34 19 17 22 (21.1268)
34 19 32 20 22 (21.831)
34 19 32 22 (24.6479)
34 19 20 22 (25.3521)
34 19 22 (28.8732)
34 2 22 32 (21.831)
34 2 22 (23.9437)
34 2 32 20 (23.2394)
34 2 32 (27.4648)
34 2 20 (25.3521)
34 2 (30.2817)
34 17 22 (21.831)
34 17 32 20 (21.831)
34 17 32 (23.9437)
34 17 20 (26.0563)
34 17 (28.169)
34 22 32 20 (25.3521)
34 22 32 (29.5775)
34 22 20 (28.8732)
34 22 (33.8028)
34 32 20 (30.9859)
34 32 (35.2113)
34 20 (35.2113)
34 (40.1408)
5 6 10 0 22 (20.4225)
5 6 31 32 20 0 17 (22.5352)
5 6 31 32 0 17 (23.9437)
5 6 31 20 0 17 (25.3521)
5 6 31 0 17 (26.7606)
5 6 8 2 32 0 (21.831)
5 6 8 2 0 (22.5352)
5 6 8 32 20 0 (21.831)
5 6 8 32 0 (24.6479)
5 6 8 20 0 (22.5352)
5 6 8 0 (25.3521)
5 6 19 32 20 0 22 (21.831)
5 6 19 32 0 22 (23.9437)
5 6 19 20 0 22 (23.9437)
5 6 19 0 22 (26.7606)
5 6 2 32 20 0 (21.831)
5 6 2 32 0 (25.3521)
5 6 2 20 0 (22.5352)
5 6 2 0 (26.7606)
5 6 17 32 20 0 (23.9437)
5 6 17 32 0 (26.0563)
5 6 17 20 0 (26.7606)
5 6 17 0 (28.8732)
5 6 22 32 20 0 (26.0563)
5 6 22 32 0 (28.8732)
5 6 22 20 0 (28.169)
5 6 22 0 (31.6901)
5 6 32 20 0 (33.8028)
5 6 32 0 (37.3239)
5 6 20 0 (36.6197)
5 6 0 (40.8451)
5 31 32 20 17 (23.2394)
5 31 32 17 (24.6479)
5 31 20 17 (26.0563)
5 31 17 (27.4648)
5 8 2 32 (22.5352)
5 8 2 20 (20.4225)
5 8 2 (23.2394)
5 8 32 20 (22.5352)
5 8 32 (25.3521)
5 8 20 (23.2394)
5 8 (26.0563)
5 19 17 22 (20.4225)
5 19 32 20 22 (22.5352)
5 19 32 22 (24.6479)
5 19 20 22 (24.6479)
5 19 22 (27.4648)
5 2 32 20 (22.5352)
5 2 32 (26.0563)
5 2 20 (23.2394)
5 2 (27.4648)
5 17 32 20 (24.6479)
5 17 32 (26.7606)
5 17 20 (27.4648)
5 17 (29.5775)
5 22 32 20 (26.7606)
5 22 32 (29.5775)
5 22 20 (28.8732)
5 22 (32.3944)
5 32 20 (34.507)
5 32 (38.0282)
5 20 (37.3239)
5 (42.2535)
15 10 31 8 20 2 17 19 22 (21.1268)
15 10 31 8 2 17 19 22 (21.831)
15 10 31 20 2 17 19 22 (22.5352)
15 10 31 2 17 19 22 (23.2394)
15 10 8 20 2 17 19 22 (24.6479)
15 10 8 2 17 19 22 (25.3521)
15 10 32 20 2 17 19 22 (20.4225)
15 10 32 2 17 19 22 (21.1268)
15 10 20 2 17 19 22 (26.0563)
15 10 2 17 19 22 (26.7606)
15 31 8 19 22 20 2 17 (22.5352)
15 31 8 19 22 2 17 (23.2394)
15 31 8 19 32 20 2 17 (20.4225)
15 31 8 19 32 2 17 (21.1268)
15 31 8 19 20 2 17 (24.6479)
15 31 8 19 2 17 (25.3521)
15 31 8 22 2 17 (23.9437)
15 31 8 32 20 2 17 (28.169)
15 31 8 32 2 17 (30.2817)
15 31 8 20 2 17 (33.0986)
15 31 8 2 17 (35.2113)
15 31 19 22 32 2 17 (20.4225)
15 31 19 22 20 2 17 (23.9437)
15 31 19 22 2 17 (24.6479)
15 31 19 32 20 2 17 (21.831)
15 31 19 32 2 17 (22.5352)
15 31 19 20 2 17 (26.0563)
15 31 19 2 17 (26.7606)
15 31 22 32 2 17 (21.1268)
15 31 22 2 17 (25.3521)
15 31 32 20 2 17 (29.5775)
15 31 32 2 17 (31.6901)
15 31 20 2 17 (34.507)
15 31 2 17 (36.6197)
15 8 19 22 32 20 2 17 (21.831)
15 8 19 22 32 2 17 (23.2394)
15 8 19 22 20 2 17 (27.4648)
15 8 19 22 2 17 (28.8732)
15 8 19 32 20 2 17 (24.6479)
15 8 19 32 2 17 (26.0563)
15 8 19 20 2 17 (30.2817)
15 8 19 2 17 (31.6901)
15 8 22 32 2 17 (23.9437)
15 8 22 2 17 (29.5775)
15 8 32 20 2 17 (32.3944)
15 8 32 2 17 (35.2113)
15 8 20 2 17 (38.7324)
15 8 2 17 (41.5493)
15 19 22 32 20 2 17 (23.2394)
15 19 22 32 2 17 (24.6479)
15 19 22 20 2 17 (28.8732)
15 19 22 2 17 (30.2817)
15 19 32 20 2 17 (26.0563)
15 19 32 2 17 (27.4648)
15 19 20 2 17 (31.6901)
15 19 2 17 (33.0986)
15 22 32 2 17 (25.3521)
15 22 2 17 (30.9859)
15 32 20 2 17 (33.8028)
15 32 2 17 (36.6197)
15 20 2 17 (40.1408)
15 2 17 (42.9577)
6 0 10 19 22 (20.4225)
6 0 10 22 (21.1268)
6 0 31 17 32 (24.6479)
6 0 31 17 (27.4648)
6 0 31 32 (25.3521)
6 0 31 (28.169)
6 0 8 2 32 (23.2394)
6 0 8 2 (23.9437)
6 0 8 32 (26.0563)
6 0 8 (26.7606)
6 0 19 32 22 (24.6479)
6 0 19 22 (27.4648)
6 0 2 32 (26.7606)
6 0 2 (28.169)
6 0 17 22 (20.4225)
6 0 17 32 (26.7606)
6 0 17 (29.5775)
6 0 22 32 (30.2817)
6 0 22 (33.0986)
6 0 32 (38.7324)
6 0 (42.2535)
6 (42.9577)
0 31 17 32 20 (23.9437)
0 31 17 32 (26.0563)
0 31 17 20 (26.7606)
0 31 17 (28.8732)
0 31 32 (26.7606)
0 31 (29.5775)
0 8 2 32 20 (20.4225)
0 8 2 32 (24.6479)
0 8 2 20 (21.1268)
0 8 2 (25.3521)
0 8 32 20 (23.2394)
0 8 32 (27.4648)
0 8 20 (23.9437)
0 8 (28.169)
0 19 17 (21.1268)
0 19 32 20 (23.2394)
0 19 32 (26.0563)
0 19 20 (25.3521)
0 19 (28.8732)
0 2 32 20 (23.2394)
0 2 32 (28.169)
0 2 20 (23.9437)
0 2 (29.5775)
0 17 32 20 (25.3521)
0 17 32 (28.169)
0 17 20 (28.169)
0 17 (30.9859)
0 32 20 (35.2113)
0 32 (40.1408)
0 20 (38.0282)
0 (44.3662)
10 31 8 2 17 20 22 19 (21.831)
10 31 8 2 17 22 19 (22.5352)
10 31 8 2 22 19 (23.2394)
10 31 8 17 32 22 19 (20.4225)
10 31 8 17 20 22 19 (23.9437)
10 31 8 17 22 19 (24.6479)
10 31 8 32 22 19 (21.1268)
10 31 8 22 19 (25.3521)
10 31 2 17 20 22 19 (23.2394)
10 31 2 17 22 19 (23.9437)
10 31 2 32 22 19 (20.4225)
10 31 2 22 19 (24.6479)
10 31 17 32 20 22 19 (26.7606)
10 31 17 32 22 19 (27.4648)
10 31 17 20 22 19 (33.0986)
10 31 17 22 19 (33.8028)
10 31 32 22 19 (28.169)
10 31 22 19 (34.507)
10 8 19 2 17 32 22 (20.4225)
10 8 19 2 17 20 22 (25.3521)
10 8 19 2 17 22 (26.0563)
10 8 19 2 32 20 22 (22.5352)
10 8 19 2 32 22 (23.9437)
10 8 19 2 20 22 (28.169)
10 8 19 2 22 (29.5775)
10 8 19 17 32 20 22 (21.831)
10 8 19 17 32 22 (22.5352)
10 8 19 17 20 22 (27.4648)
10 8 19 17 22 (28.169)
10 8 19 32 20 22 (24.6479)
10 8 19 32 22 (26.0563)
10 8 19 20 22 (30.2817)
10 8 19 22 (31.6901)
10 8 2 32 20 22 (23.2394)
10 8 2 32 22 (24.6479)
10 8 2 20 22 (28.8732)
10 8 2 22 (30.2817)
10 8 32 20 22 (25.3521)
10 8 32 22 (26.7606)
10 8 20 22 (30.9859)
10 8 22 (32.3944)
10 19 2 17 32 20 22 (21.1268)
10 19 2 17 32 22 (21.831)
10 19 2 17 20 22 (26.7606)
10 19 2 17 22 (27.4648)
10 19 2 32 20 22 (26.7606)
10 19 2 32 22 (28.8732)
10 19 2 20 22 (32.3944)
10 19 2 22 (35.2113)
10 19 17 32 20 22 (28.8732)
10 19 17 32 22 (29.5775)
10 19 17 20 22 (36.6197)
10 19 17 22 (37.3239)
10 19 32 20 22 (34.507)
10 19 32 22 (36.6197)
10 19 20 22 (42.2535)
10 19 22 (45.0704)
10 2 32 20 22 (27.4648)
10 2 32 22 (29.5775)
10 2 20 22 (33.0986)
10 2 22 (35.9155)
10 32 20 22 (35.2113)
10 32 22 (37.3239)
10 20 22 (42.9577)
10 22 (45.7746)
31 8 19 2 17 22 32 (20.4225)
31 8 19 2 17 22 20 (23.9437)
31 8 19 2 17 22 (24.6479)
31 8 19 2 17 32 20 (21.831)
31 8 19 2 17 32 (22.5352)
31 8 19 2 17 20 (26.0563)
31 8 19 2 17 (26.7606)
31 8 19 2 22 32 (21.1268)
31 8 19 2 22 (25.3521)
31 8 19 2 32 (23.2394)
31 8 19 2 (27.4648)
31 8 19 17 22 32 20 (22.5352)
31 8 19 17 22 32 (23.2394)
31 8 19 17 22 20 (26.7606)
31 8 19 17 22 (27.4648)
31 8 19 17 32 20 (24.6479)
31 8 19 17 32 (25.3521)
31 8 19 17 20 (28.8732)
31 8 19 17 (29.5775)
31 8 19 22 32 (23.9437)
31 8 19 22 (28.169)
31 8 19 32 (26.0563)
31 8 19 (30.2817)
31 8 2 17 22 32 (21.1268)
31 8 2 17 22 (25.3521)
31 8 2 17 32 20 (29.5775)
31 8 2 17 32 (31.6901)
31 8 2 17 20 (34.507)
31 8 2 17 (36.6197)
31 8 2 22 32 (21.831)
31 8 2 22 (26.0563)
31 8 2 32 (32.3944)
31 8 2 (37.3239)
31 8 17 22 32 (23.9437)
31 8 17 22 (28.169)
31 8 17 32 20 (32.3944)
31 8 17 32 (34.507)
31 8 17 20 (37.3239)
31 8 17 (39.4366)
31 8 22 32 (24.6479)
31 8 22 (28.8732)
31 8 32 (35.2113)
31 8 (40.1408)
31 19 2 17 22 32 20 (21.1268)
31 19 2 17 22 32 (21.831)
31 19 2 17 22 20 (25.3521)
31 19 2 17 22 (26.0563)
31 19 2 17 32 20 (23.2394)
31 19 2 17 32 (23.9437)
31 19 2 17 20 (27.4648)
31 19 2 17 (28.169)
31 19 2 22 32 (22.5352)
31 19 2 22 (26.7606)
31 19 2 32 (24.6479)
31 19 2 (28.8732)
31 19 17 22 32 20 (33.0986)
31 19 17 22 32 (33.8028)
31 19 17 22 20 (39.4366)
31 19 17 22 (40.1408)
31 19 17 32 20 (35.2113)
31 19 17 32 (35.9155)
31 19 17 20 (41.5493)
31 19 17 (42.2535)
31 19 22 32 (34.507)
31 19 22 (40.8451)
31 19 32 (36.6197)
31 19 (42.9577)
31 2 17 22 32 (22.5352)
31 2 17 22 (26.7606)
31 2 17 32 20 (30.9859)
31 2 17 32 (33.0986)
31 2 17 20 (35.9155)
31 2 17 (38.0282)
31 2 22 32 (23.2394)
31 2 22 (27.4648)
31 2 32 (33.8028)
31 2 (38.7324)
31 17 22 32 (34.507)
31 17 22 (40.8451)
31 17 32 20 (42.9577)
31 17 32 (45.0704)
31 17 20 (50)
31 17 (52.1127)
31 22 32 (35.2113)
31 22 (41.5493)
31 32 (45.7746)
31 (52.8169)
8 19 2 17 22 32 20 (23.2394)
8 19 2 17 22 32 (24.6479)
8 19 2 17 22 20 (28.8732)
8 19 2 17 22 (30.2817)
8 19 2 17 32 20 (26.0563)
8 19 2 17 32 (27.4648)
8 19 2 17 20 (31.6901)
8 19 2 17 (33.0986)
8 19 2 22 32 20 (26.0563)
8 19 2 22 32 (28.169)
8 19 2 22 20 (31.6901)
8 19 2 22 (33.8028)
8 19 2 32 20 (28.8732)
8 19 2 32 (30.9859)
8 19 2 20 (34.507)
8 19 2 (36.6197)
8 19 17 22 32 20 (26.0563)
8 19 17 22 32 (27.4648)
8 19 17 22 20 (31.6901)
8 19 17 22 (33.0986)
8 19 17 32 20 (28.8732)
8 19 17 32 (30.2817)
8 19 17 20 (34.507)
8 19 17 (35.9155)
8 19 22 32 20 (28.8732)
8 19 22 32 (30.9859)
8 19 22 20 (34.507)
8 19 22 (36.6197)
8 19 32 20 (31.6901)
8 19 32 (33.8028)
8 19 20 (37.3239)
8 19 (39.4366)
8 2 17 22 32 (25.3521)
8 2 17 22 (30.9859)
8 2 17 32 20 (33.8028)
8 2 17 32 (36.6197)
8 2 17 20 (40.1408)
8 2 17 (42.9577)
8 2 22 32 20 (30.2817)
8 2 22 32 (33.8028)
8 2 22 20 (35.9155)
8 2 22 (39.4366)
8 2 32 20 (40.8451)
8 2 32 (45.0704)
8 2 20 (47.1831)
8 2 (51.4085)
8 17 22 32 (28.169)
8 17 22 (33.8028)
8 17 32 20 (36.6197)
8 17 32 (39.4366)
8 17 20 (42.9577)
8 17 (45.7746)
8 22 32 20 (33.0986)
8 22 32 (36.6197)
8 22 20 (38.7324)
8 22 (42.2535)
8 32 20 (43.662)
8 32 (47.8873)
8 20 (50)
8 (54.9296)
19 2 17 22 32 20 (24.6479)
19 2 17 22 32 (26.0563)
19 2 17 22 20 (30.2817)
19 2 17 22 (31.6901)
19 2 17 32 20 (27.4648)
19 2 17 32 (28.8732)
19 2 17 20 (33.0986)
19 2 17 (34.507)
19 2 22 32 20 (30.2817)
19 2 22 32 (33.0986)
19 2 22 20 (35.9155)
19 2 22 (39.4366)
19 2 32 20 (33.0986)
19 2 32 (35.9155)
19 2 20 (38.7324)
19 2 (42.2535)
19 17 22 32 20 (36.6197)
19 17 22 32 (38.0282)
19 17 22 20 (44.3662)
19 17 22 (45.7746)
19 17 32 20 (39.4366)
19 17 32 (40.8451)
19 17 20 (47.1831)
19 17 (48.5915)
19 22 32 20 (42.2535)
19 22 32 (45.0704)
19 22 20 (50)
19 22 (53.5211)
19 32 20 (45.0704)
19 32 (47.8873)
19 20 (52.8169)
19 (56.338)
2 17 22 32 (26.7606)
2 17 22 (32.3944)
2 17 32 20 (35.2113)
2 17 32 (38.0282)
2 17 20 (41.5493)
2 17 (44.3662)
2 22 32 20 (34.507)
2 22 32 (38.7324)
2 22 20 (40.1408)
2 22 (45.0704)
2 32 20 (45.0704)
2 32 (50)
2 20 (51.4085)
2 (57.7465)
17 22 32 (38.7324)
17 22 (46.4789)
17 32 20 (47.1831)
17 32 (50)
17 20 (55.6338)
17 (58.4507)
22 32 20 (46.4789)
22 32 (50.7042)
22 20 (54.2254)
22 (59.1549)
32 20 (57.0423)
32 (61.9718)
20 (65.493)
