2745 2745 2745 2745 2745 2745 2745 2206 2206 2206 2745 2745 5 2206
103 2611 2611 5 29 2812
2611
29 2812
103 2611 29 2812
29 2812 29 2812 2237 13 15 29 2812
72 29 2812
103 2611 32 2611 16
29 2812
16
103 2206 2237 103 16
16
2206 2745 2745 2206 2813 2206 2237 29 2812 103
15
103 2611 2745 390 390 1994 390 1994 390 392 393 393 29 2812
2814
92 92 2814 492 6
72
2745 390 392 81 2815 397
103 2611
398 2745 2745 2745 2745 2745 2745 2745 2745 15 2206 2206 399 400 2206 57 2206 401 1994 2206 2745 2745 2745 57 2206 1994 1994 402 1994 1994 403 390 404 16
103 103 2611 29 2812 2814
13
103 2745 2745 405 405 405 29 2812 405 405 405 483 483 2816 2817 405 2745 5 2745 405 11 11 11 11 2745 2745 2745 2745 405 2818 54 483 2819 2820 2816 2818 2745 2745 2745 405 2821 413 2821 405 2821 11 11 11 11 405 2745 2745 5 2745 405
2745 2745 42 2822
103 2611 2745 415 405 2823
2745 405 2818 2745 2745 2745 2745 2745 2745 2745 2745 2745 2745 2745 2745 2745 54 483 2819 2820 2816 2824 11 483 2819 2820 2816 2825 483 2819 2820 2816 2826 2745 2745 483 2819 2820 2816 2827 483 2819 2820 2816 2828 2206 2813 2745 2745 2745 54 483 2819 2820 2816 2829 483 2819 2820 2816 2830 2745 2745 2745 2745 2745 2745 2745 2745 15 2745 2745 2745 2745 2745 2745 54 483 2819 2820 2816 2831 2745 2745 2745 2745 2745 2745 2745 15 11 11 11 425 11 15 2206 11 11 15 2206 2745 5 2745 54 405 483 2819 2820 2816 2832 483 2819 2820 2816 2818 11 2745 5 2745 405 2833 2206 57 57 2237 2833 2833 15 405 2833 11 11 11 11 190 405 405 405 2833 405 2833 15 483 2819 2820 2816 2818 405 2833 405 405 405 2833 405 2833 2206 57 405 2833 405 2833 405 2833 405 2833 405 2833 2237 405 2823 428 405 2823 2833
103 2611
429 2834
398 2745 431 432 404 81 16
103 2611 405 2823 11 11 2835 54 483 2836 2837 436 2838 2206 2237 2745 483 2836 2837 436 2838
398 2745 36 2206 2206 399 405 2823 405 2823 2833 2237 428 415 405 483 2836 2837 15 483 2836 2838 415 405 2823 483 2836 2837 27 2839 2837 436 2838 405 2823 405 2823 405 2823 405 2823 405 2823 405 2823 428 404
2745 398 400 2206 399 399 405 2823 405 2823 439 2833 931 15 2833 2833 2833 405 2823 2833 2833 2833 405 2823 2833 405 2823 2833 2833 2833 405 2823 2833 405 2823 2833 405 2823 2833 2833 2833 405 2823 2833 405 2823 405 2823 2833 405 2823 2833 405 2823 2833 405 2823 2833 405 2823 2833 405 2823 2833 405 2823 405 2823 2833 405 2823 2833 2833
2745 15
2611 2745
404 103 2611 2745 405 405 405 405 2833 2833 405 2833 2833 2833 2833 2833 2833 2833 2833 2833 2833 2833 2833 2833 2833 2833 2833 2833 2833
29 2812 72 2611 2745 2833 2206 2833 2833
2745 2745 57 15 2745 15
2745 398 431 432 400 2206 404 2611 16
398 2745 2745 2745 2745 431 431 432 441 431 431 431 431 70 2237 2206 2206 2237 2237 2237 2237 404
103 2611 2237 103 2745 2237 29 2812 103 2745 2206 2745 2745 2745 2237 103 103 103 103 103 2206 2745 2745 2745 2237 103 2745 2745 2745 2206 2745 2745 2745 2745 2237 2237 103 103 103 2237 2237 103 103 103 103 103 103 103 103 103 103 103 103 103 103 103 103 103 103 103 103 103 103 103 2206 2237 103 103 103 103 103 103 103 2745 275 103 275 275 275 103
441 441
103 2611
103 2611 13 13
103 2611
13 13
2745 2745 42 2822 42 2822
15 15 2206 2745 2745 2745 2745 2745 2745 2745 2745 15 16
103 2611
2745 1994 1994 1994
2206 8 15 15 2237
103 2611 2745 405 15 2745 2745 2833 405 2745 2745 2833 442 15 2237 2206 15 405 36 442 15 262 380 405 443 444 11 2835 445 2833 2833 2833 2833 2833 2833 2840 2833 2833 2833 2833 2833 2833 2833 2833 2833 2833 2833 2833 2833 2833 2237 103 29 2812
103 447 2611 2841 2745 449 2745 450 2745 2745 57 2842 2745 2745 2745 2745 2745 2745 15 15 2745 2745 2745 2745 2745 2745 2842 262 2287 262
21 21 2843 5 5 5 2206 2745 2745 2745 2745 2745 2745 2745 262 2745 2745 2745 2745 2745 2745 2745 15 2745 2745 2745 2745 2745 2237 2745 450 2844 2842 262
72 404 16 2745 2833 2833 2833 2833 2833
72 16
2745 1994 1994 402 1994 1994 392 397 454 41 81 2815 13 2611 41 16
2745 398 70 2206 2813 36 2206 2745 2745 2745 399 399
404 16
2611
29 2812 2745 2833 103 447 2611
103 2611 2745 2745 2745 2745 2745 2745 15 2745 2745 2745 2745 2745 2745 2745 2745 2745 2745 2745 2745 15 15 262
16
2745 442 15 2287
103 2611 2206 2745 57 455 405 2206 36 405 2833 456 36 456 457 492 456 457 492 456 2812 456 2812 456 2812 456 2812 456 2812 492 456 2812 456 2812 456 2812 492 456 2812 492 13 13 29 2812 2745 2206 103 2206 2745 2206 2237 2745 275 103 2745 2237 103 103 103 103 2745 2745 2237 103 103 103 2237 103 103 103 103 103 103 103 103 103 103 103 103 103 103 103 103 103 103 103 2206 275 275 103 103 2206 275 103 2206 275 103 2745 2237 2745 2745 135 2206 2237 103
2745 2745 2745
2745 15 2745 36 57 2745 2745 2745 11 2745 2745 2745 2206 2206 2206 2206 2206 2206 2206 2206 2206 2206 2206 2206 2206 2206 15 11 15 2206
2745 2745 2745 15 16
103 2611 2745 15 2237
2745 2206 29 2812 458 2845 363 2845
13
72
103
2611 32 2611 2206
103 2611 29 2812
103 2611 2745 405 456 456 456 457 2833 15 2745 456 2745 2745 2745 2745 2833
2745 2833 2833 2833 2833 2833 2833 2833
103 447 2611 2745 15 2745 2745 2745 2745 2745 2745 2745 2745 2745 2745 29 2812 2745 2745 2745 2833 456 2833 2206 2833 2833
72 2813
2745 36 441 36 72 390 81 2815
398 2745 2745 2745 2745 2745 2745 399 1994 402 1994 1994 392 390 16
103 2745 2833 456 2812 2833
72 29 2812 29 2812 460 2846
2745 2833 456 2812
404 16
103 2611 29 2812
30 72 2813
103 2611
103 447 2611
29 2812 2745 2833 2833 2833
29 2812
103 2611
29 2812 13 13 13 13
32 2611 103 712 2206 16
2206 2206 2837 15 2206 2837 15 57 2611 2237 462 441 2611 16
103 2611
103 2611 275 103 2745 2745 2745 2745 2237 2237 2745 2745 2237 103 2206 2206 2745 2745 275 2745 2237 103 2745 2745 2745 2745 2206 2837 164 2206 2837 15 2745 275 103 2745 2206 2837 15 2237 135 103 2745 2206 135 11 2206 135 2847 2237 2847 464 465 103 2745 13 16
103 8 2206 441 2611
2745 405 2833 2745 2745 2745 2745 2745 2745 2745 2745 15 2745 2745 2745 2745 2745 2745 2745 29 2812
13 15 2611
29 2812
2745 29 2812 15
103 2611
2745 2833 456 2812 39 2206 57
2611
16
81 2815
2745 2206 2813 2837 15 398 2745 2745 2745 431 2206 431 2745 2206 2813 2745 404 16
2745 2206 2813 72 405 405 405 405 405 405 405 405 405 405 405
2745 398 2206 404 398 2206 399 2206 70 70 404 16
2745 405 405 405 405 405 2833 2833 405 405 405 405 405 405 2833 405 2833 72 2237
2745 398 2206 431 431 404 16
103 2611 2206 2237 103
2206 29 2812 398 2745 2206 2813 36 36 2206 2206 399 2206 431 431 431 431 2206 2237 2206
404 2745 2745 390 2745 2745 2745 405 405 405 405 2833 405 2833 405 405 2833 405 2833 405 405 2833 405 2833 405 2833
103 2611
2745 405 405 2833 405 2833 405 2833 405 2833
2745 405 2833 405 2833 405 2833 2833 405 2833 405 2833 405 2833 405 2833 405 2833 405 2833 405 2833 405 405 2833 405 2833 405 2833 2206 57 405 2833 405 2833 405 2833 2833 405 405 405 2833 405 2833 405 2833 405 405 2833 405 2833 398 2206 54 54 400 2206 2813 2206 2206 431 431 404
103 2611 2745 2237
103 2206
29 2812
13 29 2812 72 2611 2745 2745 2206 2813 2206 72 2611
2745 398 2206 2813 36 36 431 431 2206 54 400 54 54 2745 15 54 2848 2745 400 2206 399 399 399 2206 103 16
2206 2206 2813 2206 2813 2849 2813 2850 2206 2206 2851 11 2206 2852 2206 2853 2206 2854 2206 2855 2745 2745 5 400 15 400 474 5 475 474 400 54 2853 2856 54 2857 2856 400 2206 2857 2745 405
2745 405 405 405 405 405 405 405 405 405 405 405 2206 2237 2206 2237 2237 2237 57 415 2838 415 15 405 405 405 405 2237 57 415 405 405 405 2237 57 415 405 405 57 57 478 2237 415 405 405 2237 57 415 405 405 2237 57 415 405 405 405 2237 57 415 405 405 405 2237 57 415 405 405 2237 57 415 405 405 2237 57 415 405 405 405 405 405 405 405 405 2237 405 405 405 405 2745 2745 2745 2745 2745 2745 2745 2745 2745 2745 2745 2745 2745 2745 2745 2745 2745 2745 2745 2745 54 2858 2745 2745 2745 15 11 2206 27 27 11 27 2745 2745 405 405 405 405 405 2833 2833 2833 2237 2833 405 2833 405 2833 2833 405 2833 405 2823 2237 428 57 415 483 2823 405 405 2823 405 2823 405 2823 405 405 2823 405 405 2823 428 405 2823 2833 2833 2833 2833 2237 57 405 2823 2833 405 2823 2833 405 2823 2833 405 2823 2833 398 400 400 431 432 404
29 2812 103 2611 2611
2745 2237 405 405 2833 405 2833 405 2833 2833 2833 2833 2833 2833 2833 2833 405 2833 2833 2833 2833 2833 405 405 2833 2833 2833 2833 2833 405 2833 2833 2833 2833 2833 2833 2833 2833 2833 2833 2833 2833 2833 2833 2833 2833 405 405 2833 2833 2833 405 2833 2833 405 2833 405 2833 2833 2833 2833 2833 405 2833 2833 2833 2833 2833 2833 405 2833 2833 2833 2833 2833 2833 2833 2833 2833 2833 2833 2833 2833 2206 2833 2833 2833 2833 2833 2833 405 405 2833 405 2833 2833 405 2833 405 2833 405 2833 405 2833 405 405 2833 398 398 2206 431 431 404
2745 57 2237
103 2611 29 2812
2745 2237 57 405 2833 2833 405 2833 405 2833 405 405 2833 405 2833 2833 2833 2833 2833 405 2833 405 2833 405 2833 2833 405 2833 2237 405 2833 405 2833 405 2859 2833 405 405 2833 405 2833 2833 2833 2833 2833 2833 2833 2833 2833 2833 2833 2833 2833 2833 2833 2833 2833 2833 2833 2833 2833 2833 2833 2833 2833 2833 2833 2833 2206 36 2206 36
2745
103 2745 36 398 400 54 400 431 2206 2237 399 2206 405 405 405 405 405 405 405 57 415 405 415 54 483 2836 2837 436 2837 27 2839 483 2836 2837 436 2837 27 2839 483 2836 2837 436 2837 27 2839 483 2836 2837 436 2837 27 2839 483 2836 2837 436 2837 27 2839 483 2836 2837 436 2837 27 2839 483 2836 2837 436 2837 27 2839 2837 15 405
2745 405 405 483 2836 2838 405 15 405 2237 415 405 405 405 405 405 405 405 405 2206 405 103 2611 405 405 405 405 405 405 405 405 405 2206 415 415 405
2745 57 405 2206 405 2745 36 2745 405 398 400 400 431 431 404 481 2860 2860 2860 2860 2860 2860 2860 2860 2860 2860 2861 2862 2838 2862 2838 2862 2838 485 486 2862 2838 2863 2864
2745 415 405 405 405 405 2837 15 405 2837 15 2838 405 2838 2237 405 2838 209 21 2237 2237 415 405 405 2206 70 405 405 2611 405
2745 398 432 36 2206 400 399 2206 405 2833 405 2833 405 2833 2237 405 2823 428 2833 2237 428 405 2823 405 2823 2833 2237 428 2206 2237 2237 415 405 2823 405 2823 428 405 2823 405 2823 2833 2237 428 405 2823 2833 2833 2833 2833 2833 2833 2833 2833 2833 2833 2833 2833 2833 2833 2833 2833 2833 2833 2833 2833 2237 2833 2237 428 2237 415 405 2823 405 2823 428 405 2833 2833 2833 2833 2833 2833 2833 2833 2833 2833 2833 2833 2833 2833 2833 2833 2833 2833 2833 2833 2833 2833 2833 2833 2745 103 441 2206 2745 2745 441 2745 2833 2833 456 2812 2833 2833 103 2237 432 2833 2833 2833 2833 2833 2833 2833 2833 2833 2833 2833 456 2812 400 400 431 432 103 404
2745 456 2812
2206 2745 398 431 431 2237 2237 2206 405 405 405 2206 57 57 2206 70 2237 431 2237 2237 2206 431 2237 2206 431 431 2745 2237 2237 2206 2745 2745 2237 2206 405 2833 15 15 2833 2833 405 405 2833 405 2833 405 2833 2833 2833 2833 2833 2833 2833 2833 15 2833 2833 2833 400 400 2745 36 36 2745 2745 431 431 431 431 2237 2206
404
103 2611 2745 958 42 2822 2745 42 2822 42 2822 42 2822
2206 2745 18 363 2845 2745 42 2822 393 393 16
2745 2745 2237 2237 2206 958 2206 42 2822 42 2822 42 2822 42 2822 2745 2745 2745 405 2833
2745 2745 2745 490 958
103 2611 2745 103 2745 2745 441
2745 8 36 2745 2833 2237 2833 2745 2745 2745 2745 2745 2745 2206 2813 2745 2237 2237 103 2745
103 2611 103 2206 36 441 2745 2237 2206 2206 2813 404 431
72
398 400 400 400 404 398 400 431 2206 2745 431 431 404 16
103 2611
13 13 13 2745 2206 2745 2745 8 2745 72 1994 2206 390 390 390 392 89 90 13 2206 42 2822 103 2745 2745 8 2745 81 2815 81 2815 81 2815 2745 2745 405 405 405 405 405 405 405 405 2237 415
103 2611 2611 2745 405 405 405 405 405 405 405 405 2206 2206 415 405 405 405 405 2237 415 405 2745 103 2611 2745 405 405 2237 415 405 405 405 405 2237 415 405 405 2237 405 405 405 405 405 405 405 2833 57 2833 2833 2237 405 2823 428 491 428 2237 415 405 2823 405 405 2823 428 405 2823 2833 2833 2833 2833 2833 2833 2237 2833 2237 2833 2237 428 2237 415 405 2823 405 2823 2833 2237 428 405 2823 2237 415 405 405 2823 428 405 2823 2833 2833 2833 2833 2833 2833 2833 2833 2833 2833 2833 2833 2833 2833 2833 2833 2833 2833 2833 405 2823 2833 2833 2833 405 2833 2833 2833 2833 2833 2833 2833 2833 2833 2833 2833 2833 2833 2833 2833 2237
2206 2745 2206 2813 36 36 2206 398 399 400 400 2745 2745 2745 400 399 2206 2745 2745 404 398 2206 400 399 399 404 16
2206 2745 2833 2833 2833 2833 2833 2833 2833 2745 2745 2745 2745 2745 2745 2206 2745 2745 2833 2833 2833 456 2812 2745 2745 103 2745 2745 2745 2833 2745 2833 456 2812
2206 2745 398 432 431 431 432 431 431 431 431 404
103 2611 72 2206 2745 405 405 405 405 405
398 2745 2206 2813 36 36 2206 400 399 2206 404 16
405 2745 405 405 405 405 405 405 405 405 405 405 405 405 405 405 405 405 2823 428 428 405 2823 2833 2833 2237 428 405 2823 2833 2237 428 405 2823 2833 2237 428 405 2823 2833 2237 163 428 405 2823 2833 2237 428 405 2823 428 57 405 2823 2833 2833 2833 2833 2237 428 2833 2237 405 2823 2833 428 2237 428 405 2823 2833 2237 428 405 2823 2833 2237 428 405 2823 2833 2237 428 428 2237 57 405 2823 2833 2237 428 415 405 2823 405 2823 428 405 2823 2833 2833 2833 2833
2745 57 2833 2237
2206 2745 2237 57 405 2823 2833 2833 2833 2833 2833 2833 2833 2833 2833 2833 2833 2833 2833 2833 2833 2833 2833 2833 2833 2833 405 405 2823 2833 2237 2833 428 2833 2237 2833 2833 2833
103 2611
2833 2745 2833 2833 2833 2833 2833 2833 405 2823 2833 2833 2833 2833 2833 2833 2833 2833 2833 2833 2833 2833 2833 2833 2833 2833 2833 2833 2833 2833 2833 405 2823 2833 2833 15 405 2823 2833 103 2745 2611 2237
2745
2611 2611
70 2745 70 2237 57 405 2823 2833 36 405 2833 36 2865 492 2865 492 492 2865 15 2833 492 2865 492 405 2833 2833 2833 2833 456 2812 2833 2833 2833 2833 2833 2833 2833 2833 2833 2833 2833 456 2812 103 493 2611 70 405 70 2237 2206 36 2237 2206 70 70 2838 15 29 2812 2206 398 400 432 431 431 2206 2206 2813 404
103 2611
103 2611
2745 2833 2833 2833 2833 2833 2833 2866 2833 2833 2833 2206 2206 2813 29 2812
103 2745 398 432 2206 2813 36 431 400 2206 399 399 405 405 405 2823 2833 405 2823 2833 2237 428 2237 415 405 2823 405 2823 428 405 2823 2833 2237 428 2833 2833 2833 2833 2833 2833 2833 2833 2833 2833 2833 2833 2833 2833 2833 2833 2833 2833 2833 2833 2833 2833 405 2823 2833 2838 15 2206 2237 405 2823 2833 2838 2237 405 2823 2833 2838 2237 2833 2838 2833 2838 400 400 431 431 431 404
2745 405 2823 405 2823 405 2823 2833 2838 2833 2838 2237 2833 2838 2237 57 2206 405 2823 405 2823 2833 405 2823 2833 405 2823 2833 2237 428
13 2745 2206
2745 36 2206 57 405 2823 405 2823 2833 405 2823 2833 405 2823 2833 2838 405 2823 2833 2838 405 2823 2833 2838 405 2823 2833 2838 405 2823 2833 2838 2206 103 29 2812 103 2206 2237 2206 2237 103 2237 2206 2745 2237 98 2206 2237 103 275 2745 2237 103 15 2237 2206 275 103 441 275
2745 441 415 405 2823 405 2823 2833
2745 2833 2838 405 2833 2838 405 2833 2838 405 2833 2838 29 2812 405 2823 2833 2838 2237 2833 2838 405 2823 2833 2838 2237 2833 2838 405 2823 2833 405 2823 2833 2833 2833 2833 2833 2833 2833 2833 2833 2833 2833 2833 2833 2833 2833 2833 2833 2833 2833 2833 2833 2833 2833 2833 2833 2833 2833 2833 2833 2833 2833 2833 2833 2833 2833 2833 2833 2833 2833 2833 2833 2206 2237 2206 2237 2206 15 2206 2237 2206 2237 2206
2745 405 405 405 405 405 2833 2833 2833 2833 2833 2833 2833 2833 2833 2833 2833 2833 456 2812 2867 2833 2833 2833 2833 2833 2833 2833 2833 2833 2833 2833 2833 2833 2206 2813 400 398 400 2745 2206 2745 2745 2745 2745 431 431 431 404
103 2611
425 11 11 11 11 2835 171 425 11 11 11 11 11 11 11 11 11 11 11 11 16
103 2611 2745 2833 2833 2833 2833 2833 2833 2833 103 2206 2745 441 2206 2611 2833 2745 2833 2833 2833 2833 2833 2833 2833 456 2812 2833 2833 2833 2206 2813
2206 2206 36 2206 15
2745 405 2833 2833 2838
103 2206 2206 2237 2206 2611
103 2611 103 2206 2237 2237 103 2745 2237 2237 15 2237 2206 2237 103 29 2745 29 2812 103 29 2812 103 2206 275 103 441 2206 2745 405 2833 2833 2838 15 2833 2838 2833 2838 2833 2838 2833 2838 2833 2833 2833 456 2812 2745 2745 15 2745 441 456 2812 2868 2812 2745 2833
103 2611
29 2812 103 103 2611
29 2812
103 2611 2745 2833 2838 2833 2838 456 2812 456 2332 457 2206 456 456 457 456 2812
103 2611
29 2812 103 2611 2745 456 456 456 2206 2833
2745 2745 2745 2745 2745 2869 2745 2745
498 2870 498 2871 81 2815 498 2870 498 2871 81 2815 81 2815 2206 498 2872 498 2870 498 2870 498 2872 81 81 2815
8 135 8 498 2873 498 2874 498 2875 498 2872 498 2871 15 2745 2745 15 81 2815 81 2815 81 2815 498 2876 2611
29 2812 2206 2237 2206 2237 2237 2206 15
103 2611 2745 456 15 2206 456 457 2833 2833
103 2611 16
2611 16
81 2815
103 29 2812 103 2745 2237 2237 103 2745 2745 15 15 405 2206 2833 2838 456 2745 2237 2745 36 103 2745 275 103 2206 2745 2237 103 275 103 2745 2745 2237 2237 2745 135 103 2206 2745 2206 275 275 103 2206 275 275 103 275 103 275 103 2745 2745 405 2833 2206 2745 441 2745 2833 2833 456 2812 2833
2611 13 13 13 13 13 13 103 2611
103 2611 16
958 13
2745 36 2206 72 72 2833 2833 2833 2833 2237 405 2823 428 2833 2237 428 405 405 2823 2833 405 2823 2833 405 2823 2833 2833 2237 428 405 2823 2833 2833 2833 405 2823 2833 2833 405 2823 2833 405 2823 2833 405 2823 2833 2833 2838 15 405 2823 2237 2833 2838 15 2237 405 2823 2833 2838 15 2833 405 2823 2833 2206 15 405 2823 2833 405 2823 2833 2812 2237 2833 2812 2833 2812 2833 15 2833 2833 2833 2833 2237 2206
2745 441 1994 402 1994 1994 390 392 275 1994 392 397 81 2815 2206 2237 2206 2237 2745 1994 2206 441 1994 402 402 1994 1994 392 397 81 2815 2206 2237
2745 398 400 399 2206 404 405 405 405 405 2833 2237 405 2823 428 405 2823 2833 16
398 2745 431 404 2833 2833 2833 2833 2833 2833 2833 2833 2833 2833 2833
81 2815 103 2611
2745 2833 2833 2833 2833 2833 405 2823 2833 2833 2833 2833 405 2833 2833 405 2833 2833 2833 2833 2833 2833 2833 2833 103 2611 2745 2237 2206 15 15 2745 2237 70 70 15 2206 15 2206 2237 2206 2745 135 15 13 13
441 441 2206 15 15 15
103 2611 2745 2745 397 2237 2206 2237 15 2206 15 2611 2206 57 2611 2745 2745 2237 2206 15 275 2206 275 103 2745 2745 2745 2745 15 2206 2237 103 2745 275 506 103 275 103 2745 275 103 275 2206 103 15 2745 2745 2745 2745 2745 2745 2745 275 103 275 103 275 103 275 103 275 103 2237 103
29 13 13 13 2611 2745 57
2611 13 2745 2745 2745 1994 1994 1994 1994 1994 1994 1994 1994 390 392 42 2822 42 2822 42 2822 2745 42 2822 42 2822
103 2611
103 2611 2611 103 2206 2237 275 103 2745 275 275 103
498 15 441 103
2611 103 32 2611 2206 712 712 138 16
32 103 2611 16
32 2611 103 712 507 103 16
103 2206 2611 29 2812 103 2611
13 13 2745 2745 2206 2206 2813
103 2611 958 2812 712
2611
103 2611
103 2611
958 75 2287
72 2813 2877 32 72 2813 72 2813
103 2237 103 2206 2745 15 2206 2206 2745 2206 2206 2206 2206 2206 2837 15 2206 2837 15 103 2745 2745 57 2206 2745 2206 2837 15 2745 57 2206 2745 2237 2237 103 103 103 103 103 103 103 103 103 103 2745 2745 2206 2837 15 2745 2745 57 57 2745 2237 2237 103 16
2611
2206
29 2812
2611
103 2611 29 2812 425
29 2812
103 2611
393
41
103 13 2611 29 2812 2611 2745 441 15 405 15 2833
2237
2237
2237
13 13 13
103 2611
103 2611 103 2745 2833 405 15 2833
2237 2237 15 2745
2745 2833 2237 29 2812
2237 398 400 400 2745 1 2206 2237 2206 432 400 404 2745 2745 404 398 509 2745 2237 2206 432 432 2206 432 2206 2745 404 398 2745 2745 404 398 2745 2206 432 432 2206 432 2206 2745 404 398 404
103 2611
29 2812
398 400 2206 400 400 2745 2206 2745 2745 404 398 2206 400 404 398 400 404 398 400 432 404 398 400 404
103 15 103 2206 2237 2745 2237 103 2745 29 2812 103 2745 2745 2745 2745 2745 2745 2745 2745 15 2206 2237 103 2206 2237 2745 2745 2206 2745 2745 2745 2237 2745 2237 103 2237 2748 2748 2878 2748 2851 2748 2879 2748 2880 15 2237 2237 513 2206
2237 15 2237 15 2745 135 2745 135 2745 2745 2206 2745 2745 15 2745 2745 2745 135 11 135 2847 2237 2847 2206 2745 2237 2206 2206 2745 2206 2237 2847 2206 2206 135 2206 2237 15 2206 36 2237 2847 103
29 2812 2745 15 15 15 15 2703 2835 2745 2745 2745 2745 2745 15 19 21 21 2206 2813 2206 2206 2206 2206 2851 2206 2206 2851 218 2881 171 2882 2812 32 516 2878 21 21 21 218 2881 2492 517 2206 2745 518 2287 712 2883 32 2883 2237 2745 218 2881
4
32 2745 2745 15 2745 2745 15 2745 15 2206 15 15 2745 2745 2745 2745 2206 2206 2206 2206 2745 2237 2847 2206 2745 57 2206 2237 2206 57 2206 2206 2813 11 2206 36 2206 2237 2206 2237 2206 520 98 2206 2745 15 2237 2206 15 2206 15 15 2206 15 2206 2237 2049 15 2206 15 2206 2748 2879 2748 2880 2006 2006 2006 2748 2880 2748 2884 2006 2006
2237 2237 2237 2237 15 15
2748 2884 2006
2206 15 2237 2237 2206 15 2237 2206 15 2237 2206 2745 2745 2237 2847 2206 15 2237 2206 15 11 27 2206 15 15 2206
15 32 2745 8 2206 2745 57 398 399 2206 404 1994 1994 1994 390 392 393
429 11 2835 2745 18 18 18 18 18 42 2822 2745 42 2822 72 2813 72 72 2813 32 72 2813 11 425 425 11 2206 2237 15 2237 2206 2237 2745 15 2237 2287 428 522 2237 428 428 2206 522 522 2237 513 457 2745 2237 2237 2847 2745 2745 2745 2745 2206 2745 2745 522 522 2745 2745 405 2833 405 2836 2838 2206 57 11 405 2836 2838 405 2833 2833 2833 2833 2833 2833 2833 2833 2833 2833 2833 2833 405 405 2833 2237 2833 2237 428 405 2823 428 2206 70 2833 2833 2237 2833 2237 405 2823 2206 428 2237 15 15 2206 415 405 2823 405 2823 405 2823 428
2206 2745 57 2206 2237 57 405 2833 2833 2833 2237 2237 2206
398 2745 432 523 2237 404 398 432 2206 441 2206 431 431 400 432 2237 2206 404
13 13 13 2611
103 2611 2611
2206 2237 2745 2833 2833 2833 2833 2833
103 2611 29 2812 513
103 2611
103 2611
72
103 2611 513 457 29 2812
2745 398 400 399 2206 404 16
103 2611 2745 398 400 431 404 103 2745 2745 398 432 431 404 2745 2237 2745 2745 393
2745 2745 1994 392 42 2822 15 16
186 103 2206 2237 2745 2237 2237 2237 2237 103 2745 2237 15 15 16
2206 2206 2837 15 103 2237 103 2745 2237 160 103 103 103 2745 2745 2745 2745 2745 2745 57 57 2206 2745 2237 103 103 103 103 2745 2745 103 2237 103 103 103 103 103 103 103 103 2206 2745 2206 2837 15 103 2745 2745 103 15 2206 2745 2745 2237 2237 103 103 103 103 103 103 103 103 103 2745 2745 2745 2745 2745 15 2206 2745 2745 15 15 2206 103 2745 15 2206 2237 2745 2745 2745 2745 2745 2745 2745 2237 103 2745 2745 2745 2745 2237 2847 103 2745 16
398 400 432 2745 431 404 29 2812 2745 2748 2006 29 2812 2748 2748 2006 72 2748 2748 2748 2878 2885
103 72 2206 29 2812 2748 72 1 1 522
2611 32 2611 1 2748 2748 29 2812 16
2237 2206 15 103 2745 2745 525 2745 2745 2206 2745 103 2745 29 2812 103 2206 2745 11 2206 2886 2206 2886 2838 15 2206 103 2237 103 2745 2206 2851 2745 2206 2886 2745 2745 2745 103 2745 2206 2745 2206 2745 2745 15 15 2206 2745 2745 2745 2745 2745 2745 2745 2206 2886 2745 2206 2886 98 103
186 103 2611 2206 103 29 2812 103 2745 2206 2237 103 2206 2745 2745 2745 2745 2237 2206 103 2206 2886 103 98
2745 15 2745 15
398 400 2745 70 2887 2888 70 400 431 2206 2237 399
103 2611 513 457 2745 2833 405 2833 2833 2889 2833 2206 2833 2745 441 2206 2206 2813 1469 531 2833 2745 2833 456 456
172 32 172
103 2611 103 2206 2237 2206 2745 2237 15 2206 2206 2813 441 2206 2813 2237 103 2206 2237 103 2745 2237 103 275 2206 57 2206 2237 2206 275 36 2206 275 103 441
29 2812
29 2812
103 2611
513
103 2611 2611
29 2812
103 2611 16
2206 2837 15 2237 2237 2745 2745 2745 2206 2745 2745 2237 2847 103 15 2745 2745 2745 2745 2745 2745 2745 2745 2885
103
2206 441 13 13 13 13 13 13 13 13 2206 13 13 13 13 2206 2237 103 398 400 13 2206 432 2237 103 2206 29 103 275 103 2745 2745 2745 103 2206 2745 2206 2745 2745 13 103 103 13 2611 13 2611 2611 13 13 13 13 13 13
103 2611 2206 441 2206 2813 432 5 5 432 431 400 2745 2745 2745 404 398 532 2745 8 2745 2745 2745 2206 2813 2206 57 57 57 431 2206 2838 15 2206 2813 2838 431 431 2206 36 431 404
441
441 2611 103 275 2206 2745 2745 2745 2745 275 103 2206 2745 2745 2745 2745 2206 2745 2745 2745 2745 2745 532 2745 2745 532 2745 2745 2745 2206 2206 441 2206 2206 2237 103 2611 2206 275 103 2745 2745 2745 2745 2745 2745 103 2206 2206 2745 2745 2206 2847 2745 2206 2745 441 441 2745 2745 2745 2745 275 103 275 103 2206 2745 275 103 2745 2206 2206 16
5 2206 2611 404
398 2745 36 2206 398 400 399 1994 402 1994 1994 392 2745 533 8 2745 400 399 2206 1994 402 1994 1994 390 390 392 13
13 2745 2745 2745 57 1994 402 1994 1994 390 1994 1994 390 1994 390 1994 390 1994 390 13
13
2745 390 32 390 6
398 2745 36 36 36 2206 2049 400 399 399 2206 57 1994 402 1994 1994 390 1994 390 1994 390 1994 390 1994 1994 1994 1994 1994 390 1994 1994 390 392 397 397 1994 390 1994 1994 390 392 397 81 2815 2206 36 2206 36 57 36 2206
2206 103 2611 103 2611 29 2812 2206 393 2745 2745 393
2745 1994 1994 402 1994 1994 390 1994 390
404
404
2206 2611 398 2745 8 2745 400 399 1994 402 1994 1994 390 392 81 2890 2815 81 2890 2815 393
29 2812 2745 15 2206 15 2206 15 2206 15 2206 2745 2745 2745
103 2611 2611 2745 2745 1994 402 2891 2206 2206 402 402 1994 402 1994 390 1994 1994 1994 2237 2237 1994 402 1994 1994 1994 1994 2611
2745 2745 2745 15 15 2745 2745 2745 397
209 32 2611 16
103 2611
103 2611 2611 2745 2745 536 15 15 2206 1994 2237 1994 402 1994 1994 390 2237 1994 1994 2237 2206 2237 1994 402 1994 1994 402 1994 1994 390
2206 29 2812 1 2745 532 2237 2237 2206 2237 2237 2206 2237 2206 2237 2206 2206 2813 2206 2206 2813 2206 398 432 400 2206 2237 2206 431 432 431 431 103 432 404 398 2206 431 2237 431 2237 2237 431 2237 431 2237 432 431 432 2745 2237 2745 2745 432 431 431 431 2237 2206 432 404 398 2206 431 2237 431 2237 2206 431 2237 103 15 2206 431 431 2237 2237 2206 2745 2745 2237 103 2745 2745 2745 29 2812 103 2206 2745 2745 2745 2745 404 398 400 432 404 2745 2745 2745 2745 2745 2745 2745
103 2611
2611
81 2815
29 2812 72
32 103 2611
103 2611
103 2745 15 2745 2745 15 15 13 13 13
2611 29 2812
2745 2745 2745 36 36 36 36 2206 398 400 400 432 5 400 432 5 5 2206 398 400 404 398 2065 432 400 399 399 2206 1994 402 1994 1994 390 392 397 393 2206 57 390 1994 1994 1994 1994 1994 1994 1994 1994 1994 402 1994 1994 390 1994 390 1994 390 390 390 1994 390 1994 402 1994 390 1994 390 1994 390 1994 390 1994 390 1994 390 390 390 390 57 57 1994 402 1994 1994 390 1994 1994 1994 15 1994 390 1994 1994 390 1994 402 1994 1994 390 1994 390 1994 390 1994 390
13 1 2611 2611 2745 70 70
2745 2745 15
2745 2745 1994 402 1994 1994 392 16
404
2611 32 2611 16
72 2206 2885
32 493 2611 2745 2745 1994 402 402 1994 390 16
72
2745 1994 1994 1994 402 1994 1994 402 1994 1994 1994 390 1994 1994 16
2745 1994 392 1994 392 16
2206 2745 2745 2237 2206 2237 2206 2237 390 2237 2206 2237 2206 2237 393 2206 15 2206 103
103 103 16
2745 2745 1994 402 1994 1994 390 1994 402 1994 1994 1994 1994 392 392 397 397 2745 2611 81 2890 2815 2611 2745 2745 81 2890 2815 81 2890 2815 81 2815 81 2815 13 13 13 2745 2611 2237 103
2745 2745 2745 1994 390 392 1994 390 2745 2611 2745 392 392 397 397 81 2815 81 2815
2745 1994 402 1994 1994 402 1994 1994 392 392 390 1994 402 1994 1994 390 1994 402 1994 1994 1994 390 1994 1994 392 392 397 2206 81 2815 392 397 81 2815 103 2206 103
13 2611
103 2237 2206 103 398 400 2745 2745 432 2745 8 2745 2745 431 432 431 2237 2745 2237 13 2206 432 2206 2745 2745 2745 532 2237 532 404 398 432 2206 400 2745 2206 2745 2745 2745 532 432 431 2206 432 2206 400 2206 2237 2237 103 2206 404 398 2206 2745 2745 2745 432 2745 2745 2745 513 103 2745 2745 2745 275 103 29 2812 2611 29 2812 103 2611 2206 2237 36 441 2611 404
103 2611 70 2745 57 57 2206 1994 402 1994 1994 390 1994 1994 390 392 397 392 81 2815 2745 2611 2237 103 2206 441 441 441 103 2206 441 15 2206 441 2206 532 398 400 432 404 398 432 400 432 404 398 404 398 432 432 2206 432 2206 103 15 2237 2206 2206 2237 432 404 398 432 432 432 404 398 441 441 432 432 103 441 432 103 432 432 103 2206 441 432 432 2206 432 2206 432 432 432 2206 432 432 2206 432 2206 432 404 398 432 404 398 103 404 103 2206
2745 70 2745 36 2206 2745 2745 431 432 2206 2237 2745 103 103 2206 2745 2745 2237 98 2745 2745 441 2745 441 2206 2237 2206 135 103 432 103 2206 432 432 2206 432 15 29 2812 432
103 29 2812 398 2611 404
2745 70 70 1994 402 1994 1994 390 98 103
103 2611 2745 2745 398 1994 402 1994 1994 432 404 398 390 398 392 397 81 2815 2611
432 404 2745 405 2745 2745 2206 2833 2833 2745 404 2611 2206 2745 2745 2237 1994 1994 2237 392 29 2812
103 2611 398 2745 405 2833 2833 405 405 405 405 405 405 405 404 103 2206 2237 2206 275 275 103 2206 2745 2237
32 2611 16
32 2611 537 8 2745 57 57 57 57 57 2611 405 2833 2611
2745 2745 538 2611 32 2611 2611
32 2745 2745 2745 2206 539 540
32 2745 540 2745 2745 2611
32 2745 2745 540 2745 2745 2611 2611 405 2833 2745 2745 540 2745 2745 2611 2206 540 2206 405 2838 15 2237 541 415 2838 415 15 541 15 2611 2206 2611 2206 540 16
32 2745 15 2611 405 2833 2237 2611 2611 2833 405 2823 428 2611 405 2611 2611 2833 16 712 16
103 2206 2745 540 16
2745 540 16
32 103 2611 2745 2237 2206 2237 103 2206 2237 2206 2237 103 2745 2237 2745 2745 2745 2745 2745 103 532 532 2838 15 2745 2745 2745 2745 2745 2237 2745 532 2838 15 103 542 2206 275 103 441 2237 2237 16
103 32 2611 16
103 32 2611 540 2206 2237 103 275 275 103 441 441 16
32 540 2206 15 15 2611 2611 2206 15 2206 712 712 16
32 2206 2611 540 2206 2206 712 540 15 16
32 103 2611 16
32 103 2611 16
2611 32 2611 2206 2611 712 2237 2206 103 2206 16
32 2611 2206 2237 2745 275 103 2745 2745 275 103 441 16
32 103 2611 16
32 103 2611 103 16
32 2611 16
103 32 2611 2206 712 2611 712 712 16
16
103 2237 103 275 103 441 2611 16
32 103 2206 2611 16
32 2611
32 2611 16
32 2611 16
32 2611 16
32 2611 2745 2745 2206 2813 2892 2893 540 2206 21 16
32 2611 16
32 2611 16
32 2611 13 16
103 2206 2611 32 493 2611 32 32 2611 16
103 2237 103 545 2206 2745 1 2745 36 2206 2745 103 57 103 32 2611 432 16
32 2611 72 29 2812 404 398 2237 2745 2745 1994 402 1994 1994 390
398
16
404 2128 16
16
16
11 546 425 11 11 2835 2745 2745 2745 2745 2745 2745 2745 547 548 549 2745 2745 2745 550 551 2745 2745 2745 2745 2745 2745 2745 2745 2745 2745 2745 15 2206 2206 2837 15 15 5 2894 2745 2745 2745 2745 2745 2745 2745 2745 2745 2745 2745 11 2835 553
16
2745 2745 441 2206 405 70 2833 398 404 398 432 432 404 398 404 72
32 2745 2745 2833 72
2745 32 2833 2237 16
16
2725 522 554 16
2206 103 2611 13 2237 2206 2237 2745 2237 2745 554 2812 513 457 555 556 11 11
2745 2745 1994 2206 2237 2206 1994 402 1994 1994 390 1994 390 1994 402 1994 1994 390 1994 392 2206 397 2206 393 432 2745 2611
513 2237 513 405 2206 2745 405 2833 2833 2237 2833 2833 2237 405 2823 2833 405 2823 2833 2833 2237 428
2748 2895 2748 2896 2837 27 163 2897 2895 16
11 2835 11 2835 15 15 15 15 2206 2206 2837 15 15 2745 2745 2745 2745 2745 2745 2745 2745 2745 2206 2745 554 2745 2745 560 561 562 563 522 564 565 2206 2745 2745 2745 566 2206 2837 15 11 2745 2745 563 2898 563 13 23 2745 554 16
2748 11
513 2812
11
2745 2745 565 562 568 560 563 2206
11 2745 405 2823 405 2823 11 405 2823 2833 405 2823 2833 405 2823 405 2823 2833 405 2823 2833 405 2823 2833
2237
16
2748 2899 11 2748 2878 2748 2900 2748 2900 2837 15 2748 2900 2837 15 16
11 11 2835 11 11 2835 72 2745 2833 405 2833 405 2833 405 2833 405 2833 405 2833 541 398 431 431 404 72
16
2745 2745 2745 2745 2745 2745 29 2812 571 2901 2902 571 2901 2903 571 2903 2745 2745
2745 2206 2833 541
16
103 2206 2611 72 2206 2745 2833 2833 2833 2833 15 2206 456 456 15 2745 2745 2745 2745 2745 2745 2745 2745 2745 2833 2833 72
29 2812 2611
398 400 2745 399 2206 405 405 405 2833 16
404 16
29 2812 103 32 2206 2611
2611 2833 2745 2833 72
2745 398 400 575 432 431 431 431 2745 2745 2745 431 404 16
2611
103 2611 2206 2745 2745 397 1994 1994 392 393 2745 2745 2745 2833 2833 2833 2773 405 2823 2833 2833 2838 15 15
2745 218 2881 218 2881 11 218 2847 218 2847 218 2847 218 2847 21 21 21 21 21 57 15 2206 15 15 57 15 405 2833
2745 405 2833 2838
2745 21 21 21 405 2833 405 405 405 2833 2833 2833 2833
398 432 432 432 432 400 432 404 398 432 432 404 398 432 432 432 404 398 432 432 432 404 398 432 432 432 404 398 432 404 398 432 404
103 2611
576 2611 2745 2904 15 2237 2206 2237 15 2206 2237 2237 103 2206 2237 2206 2745 2745 2745 275 103 2237 103 275 103 2206 2745 2745 2745 103 29 2812 103 2745 2745 441 2745 2237 15 2237 2237 2237 2206 2237 103
2745 2237 103 2745
2206 2745 2745 2745 1994 392 42 2905 393 2745 2745 2745 405 2833 15
13 13 29 2812 404 398 13 13 2745 405 2833
13 13 13 29 2812 13 404 13 2611
2611 2745 2745 1994 390 1994 390 392 429 2906 2745 2745 2745 2745 2745 2206 18 2745 2745 42 2822
2745 42 2822 16
29 2812 398 404 398 404 398 404 398 2745 2745 2237 1994 402 1994 1994 390 392 393 2745 2611 404 29 2812
2611
103 580 2611 2745 2745 81 2815 2745 2611
441 2237 2206 15 2206 2745 2745 405 405 2833 2838
2206 15 2745 15 15 405 405 405 405 2833
398 2745 70 400 2745 2745 2745 2745 70 405 2833 2206 2237 2833 2838 2206 2833 2833 2833 2833 2833 2833 2833 2206 2833 2838 405 2833 2838 2206 2237 2206 404 398 2745 2745 2745 2745 70 2206 2237 1994 402 1994 1994 390 392 81 2815 404
13 13 581 2745 15 72 2813
103 2611 398 13 13 2745 70 405 2833 405 405 2833 405 2833 405 2833 405 2833 405 2833 2833 2833 2833 2833 2833 2833 2833 405 2833 405 2833
2745 2745 2237 2745 2237 2833 2745 2833
404
103 2611 2611
2745 2745 2745 2745 2745 2745 393 2206 393 42 2822 2745 2745 2745 2745 2745 2745 2745 2745 2745 2745 2745 2745 2745 2745 2745 2745 29 2812 2287 2287 2206 2813 2745 2206 2813
582 103 2611
398 2206 2745 432 404 398 432 2206 431 15 404 29 2812 2745 2611
2745 15 2206 15 2206 15 2206 15 15 2745 15 15
29 2812 72
32 2611 16
2745 2745 2745 2745 2745 2206 2745 2745 2745 2745 2745 2745 13 13 2745 2745 2745 15 2745 2745 2745 2745 2745 2745 2745 2745 2745 2745 2745 2907 2838 2908 2745 2745 2745 2745 2745 2833 2833 2833 2745 2745 15 2833 492 405 2833 405 2833
13 2745 2206 2745 2745 2745 2745 2745 2745 2745 2745 2745 2745 2745 2206 2745 2745 2745 2745 2745 2745 2745 2745 2745 2745 2745 2745 2745 2745 2611 2611
103 2611 2237 275 103 2206 2745 2237 2206 2745 2745 2206 2206 2745 2237 2206 2237 2237 103 2206 2745 2745 2237 2237 103 29 2812 103 2206 2745 2745 2745 2745 2745 2745 275 103 2206 2745 2745 2745 2237 103 103 103 2237 103 103 103 103 398 432 432 2745 404 398 404 103 2745 2745 2745 2745 275 103 275 103 275 103 2745 2745 275 103 275 103
2745 2206 2813
72
16
103 2611 441 2611
103 2206 2611 398 404 2611
441 2745 2745 2745 2745 2206 2813
2206 2745 2745 2909 2745 2745 2745 2206 2813 70 29 2812
103 2611
2745 405 405 2833 2833 2833 2833 2833 2833 2833 2833 2833 2833 2833 2833 2745 397 2745 405 2833 2745 397 2745 405 2833 2745 2745 397
2206 2745 2745 36 36 441 1533 2206 441 441 2206 36 2206 36 36 2206 74 2206 1994 402 1994 1994 2206 392
103 2611 2611
2745 2745 397 75 397
2745 2745 1994 2206 2237 1994 402 2910 1994 1994 397 392 397 404
103 2611 2745 405 405 405 2833 2833 2833 2833 2833 2833 2833 2833 2833 456 456 456 2833 2833 2833 2833 398 404 398 404
425 425 11 1 2611
13 13 2206 13 2745 2745 15 13 398 404 398 29 2812 404 2745 2745 2611
32 103 2611 16
32 2611 16
2611 2745 57 2745 2745 2745 15 15 15 2745 2745 405 405 405 405 2833 405 2833 2833 405 2833 103 2833 405 2833 398 400 432 431 431 404
2611 2745 405 405 405 405 2833 405 2833 2833 2833 2833 2833 2833 2833 2833 2833 2745 2745 456
72 2813
103 2611 398 2745 70 2206 405 2833 405 103 2611 2237 2833 2833 2838 103 405 405 2833
29 2812 2237 103 2206 2745 2745 2745 2237 2206 2237 2237 2237 2237 2237 2206 2237 2237 2206 103 275 103 2745 2745 2745 2745 2237 2237 2237 587 2237 103 2206 2745 2237 103 2237 103 2745 2237 2237 15 2206 103 2745 2745 2745 2206 103 404
2206 103 2745 2745 2745 2745 2745 2745 2745 2745 2745 2745 2206 2837 15 2745 2745 2745 57 2206 2745 2206 2837 15 2237 103 103 103 103 103 2206 103 2745 57 2745 2237 16
103 2611 2745 15 2206 2745 29 2812 2745 404 398 2206 588 70 405 405 405 405 405 2833 2206 2237 15 2206 456 2833 2833 456 36 2206 2237 41
13 13 13 29 2812 2745 57 103 2206 2745 2745 2206 15 2206 41 2911 2206 36 2206 2237 2912 2206 2237 591 2237 2206 36 36 2913 2745 2237 2206
2611 2206 2745 405 2833 2745 57 2833 405 2833 2833 405 2833 405 2833 2833 2838 405 2833 2838 405 405 2833 2833 2838 2745 2745 2745 390 41 41
2745 405 2833 405 405 2833 2833 405 2833 405 2833 2833 2237 398 2745 2611 2745 1994 1994 402 1994 1994 1994 392 41 41 404
16
2287 2287 2745 2745 2745
513 457 2745 2833 2914 405 2833 15
2745 405 2833 262 2745 2745 2745 2745 15 2745 2745 2745 2745 262 262 262 2287 2915 2745 2745 2745
2745 2833 262 11 425 262 2916 15 2745 15 15 2237 2745 2745 405 2833 2237 2833 2206 15
958
2745 2745 390 1994 1994 402 1994 1994 1994 15 1994 1994 392 41 1994 41 1994 392 41 1994 1994 392 41 393
2745 456 2745 2745 2745 1994 1994 392 41 41 1994 1994 41 392 41
2745 2745 1994 402 1994 1994 392 2206 2206 2813 15 29 2812 2206 70 70
15 15 11 2287 11 2206
2745 2745 2745 2745 2745 2745 2745 2206 2813 2745 15
103 2611
2611 2206 2745 2745 2745 1994 402 1994 1994 41 392 1994 392 41 1994 402 1994 1994 1994 392 41 2206 36 74 2206 41 41 1994 402 1994 1994 392 41 41 41 36 2206 2813 74 2206 41 2206 393
2611 2611
2206 2745 2206 2813 2745 2206 2813 29 2812
2206 2745 2745 363 2845 393 16
2611 2745 2745 2745 441 2206 2745 2745 1994 390 1994 390 1994 390 1994 390 1994 390 1994 390 1994 390 1994 390 1994 390 1994 390 1994 390 1994 390 390 1994 390 1994 390 160 2206 81 2815 2745 2745 2611
2745 2745 1994 402 1994 1994 392 11 596 2917 2847 2838 54 54 598 2917 2838 2237 598 2917 2838 397 598 2918 2838 2237 598 2918 2838 397 2237 598 2919 2838 397 598 2920 2838 397 2206 36 36 393 393 393 393 393 393 393
2745 2745 1994 402 1994 402 1994 1994 392 41 41 2206 2237 393 363 2845 45 45 2921 45 2905 45 2921 603 2921 15
11 11 603 603 2921 363 2845 363 363 47 47 11 47 47 47 47 11 47 2879 47 2879 47 2879 363 363 47 2879 47 2879 47 2879 2206 2611
15
2745 2745 1994 402 1994 1994 15 1994 598 2922 2838 36 397 392 598 2922 2838 2237 598 2922 2838 397 2206 397 397 598 2923 2838 397 606 2924 2838 598 2924 2838 2237 598 2924 2838 397 598 2925 2838 397 2206 2237 15 15 397 2206 393 393 363 72 2206 392
2745 2745 41 393 41
72 2813
2745 2745 2745 11 11 2835 11 11 11 11 11 11 11 2206 11 1994 392 598 2845 2838 41 70 2206 598 2845 2838 598 2845 2838 41 41 393 70 54 2287 2745 2745 2745 596 2745 2745 598 2845 2838 393 598 2845 2838 393
2611 2206
103 2611 2745 2745 1994 402 1994 392 598 2845 2838 41 393 393 393 393 393
13
2611
103 2611
103 2611
13 13 13 13 13
2611 2206 2745 2745 2237 2745 609 2745 393 393 393 393 29 2812
2745 57 11 11 405 405 2833 2833 2833 2833 2833 2833 2833 2833 2833 456 456 457 2833 405 405 2833
2745 2745 2745 393 1994 402 1994 1994 392 41 2206 598 2845 2838 41 393 393 393 393
29 2812 2745 2745 2237 103 29 2812 29 2812 2237
2745 2745 2206 2745
2745 2745 2745 2206 393 393 393 393 393 393 393
103
2611 2745 2745 393 393
2611
13 13 13 13 29 2812 2611
103 2611
72 2206
2745 2745 8 2745 8 8 8 2745 74 2206 532 2745 2745 74 2745 74 2206 2745 2745
29 2812
103 2611
2206 72
72
16
16
2745 2745 2745 2745 2745 393 29 2812 103 103 2206 2745
2206 2237 103 2206 2745 2745 103 2745 2237 2237 2237 103 2206 2237 103 2237 275 103 2206 2745 2745 2745 2745 2237 103 2206 2745 2745 2745 103 2745 2745 275 103 2745 2745 2745 2745 2745 2745 2745 2745 397 397 2206 2237 2237 103 2745 2745 275 103 2745 2745 2745 275 103
32 103 441 2611 16
2745 2745 2745 393 16
103 2611 2745 2745 2868 610 2206 2745 398 432 441 2206 2237 2237 15 2745 2745 2745 2206 2813 2838 610 2206 610 610 610 2206 610 610 610 103
2745 2745 2745 2745 2745 2745 2745 2745 2745 15 2206 2237 2206 2745 2745 2237 2237 2237 2745 2745 2237 441 103 2206 2237 103 2206 2237 2206 2237 2206 2206 2813 2206 2813 2838 2206 2745 15 2745 2237 2206 2745 2745 2745 2745 2745 2206 2206 2206 2206
13 2611 29 2812
2745 15 2206 15 2206 15 15 15 15 72
16
2703 13 72 13 13 13 103 2611
2745 405 405 2833 2833 2833 2833 2833 2833 2833
2611
2206 441
611 2206 29 2812
493 2611
13 2745 2833
103 2611 2611 2611 13 13
13
13 13 16
13 13
13
32 2611 16
32 103 2611 16
103 2206 2237 2237 2237 2745 2237 275 103 2745 2745 2745 2745 2745 29 2812 29 2812 103 2206 275 103 2745 2237 2237 2206 2745 2745 2745 275 103 103 103 103
103 2611 29 2812 72 2206 393
29 2812
398 404
16
16
103 15 2206 36 441 2611 2611 103 103 2237 275 103 2206 275 103 2745 275 103 275 103
612 89 13 13
29 2812 13 13 13 13 89 13 13 13 398 432 404 398 432 404 398 432 404 2745 2237 2206 2237 2237 2206 2237 103 2745 2206 2745 2745
398 2206 2745 2745 2206 2813 2237 2206 404 398 2206 2745 2745 2745 2745 2745 958
404 13
103 2206 441 441 441 2611
2745 2745 2745 2745 958 404 29 2812
2745 2745 2745 2237 397 2206 2237 2237 2206 532 398
103 103 2611 2206 2745 29 2812 8 398 2745 1994 402 1994 1994 390 392 392 2206 392 393 57 1994 613 390 1994 390 1994 390 1994 390 1994 390 1994 392 393 1994 390 1994 390 392 393 1994 1994 402 1994 1994 390 390 390 1994 392 454 41 393 393 393 393 393 393 393 393 393 393 404 398 404 398 404
103 2206 2611 2745 41
404
32 2611 2745 2745 2611 1994 392 42 2926 42 2822 363 363 2845 363 42 2822 42 2822 16
103 2611 29 2812 13 2745 2745 2745 2745 2745 2745 2745 2745 2745 2745 2745 2745 2287 2745 2745 2745 2745 2745 2745 2745 2745 2745 2745 2745 958 2745 2611
2745 2745 2745 2745 2745 2745 2745 2745 2745 2745 2745 2745 2206 2206 2745 2745 2745 2745 2745 2745 2745 2745 15 2206 15 15 15 2745 13
2745 2745 81 2815
103
29 2812 13 13 13 398 432 400 2745 2206 404 2745 404 398 432 404 398 404
2206 2611 2237 103 275 275 103 2745 2745 2237 2237 2206 2237 545
13 13 2611 2611
29 2812 29 2812
2206 393 13 2812 615 13
103 2206 2611
2611 2206 8 2745 36 2206 398 400 400 400 404
2745 81 2815 81 2815 81 2815 81 2815 81 2815 2206 103 2745 2237 103 103 2206 2745 2745 2745 2745 103 103 2206 29 2812 103
13 13 2611 2206 2237 15 2237 103 103 13
32 2611 2206 2206 2206 2745 42 2822 2745 2206 2611 2745 393 2822 42 2822 47 47 13 16
13
29 2812 72 2206 2237 2206 103 103 275 103 275 103
16
32 2206 2206 2837 15 441 441 36 36 2745 2745 2206 2611 103 275 275 103 16
398 72 2206 2745 2745 1994 402 1994 1994 390 2745 2611 2745 81 2815 81 2815 81 2815 2745 2745 2745 2745 81 2815 2206 2237 2206 2237 2745 275 275 103 404
16
441 441
32 103 2611 2206 441 712 16
441 2611
441 2206
103 72 2611
32 2611 16
2128 29 2812 72
2206 2611 32 2611 16
16
72
29 2812
32 2611 16
32 2611 16
2128 2611 29 2812 72
32 2611 13 15 13 712 16
16
2745 2745 2745 2206 2745 1994 402 1994 1994 13 81 2815 2206 392 81 2815
103 2206 2611
29 2812
103
103 2611 29 2812 13 103 2237 103 2206 2745
29 2812 398 400 432 2206 441 2206 2611 432 432 404 398 432 103 2237 103 2745 2745 2745 2745 2237 2206 2745 2745 103 103 2745 2745 2745 2745 2745 2745 2745 2237 2237 2206 2745 2745 2745 2745 2745 2745 432 404 398 441 15 15 15 15 432 432 432 400 432 404 2206 2745 2745 2745
103 103 2206 2745 2237 2206 103
29 2812
29 2812
103 29 2812 103 2611
32 2611 16 16
13 16
103 16
16
32 2611 103 712 16 16
32 2611 103 712 13 16 16
103 2237 103 2206 275 16
2206 2745 2745 16
103 2206 2611 29 398 432 432 2206
72 2813
404 29 2812
103 2206 2611
2745 15 2206 2813
103 2611 29 2812 398
13 13 2745 2206 11 2206 616 2206 2745 2745 2237 2745 135 2745 2237 11 2206 2745 135 2745 135 57 57 616 2745 2745 610 2822 2206 2745 2745 610 2822 610 2822 2206 2206 610 2822 610 2822 2206 2237 2847 2206 2237 2206 432 432 432 432 432 404 398 2206 432 432 404 398 432 2206 11 2206 2927 432 2237 2206 432 432 404 398 432 432 404 398 432 432 432 404 398 404
404 398 2745 2745 2745 36 2206 2745 2745 36 1533 2206 616 441 2206 112 2838 2206 2833 2206 2237 2206
103 2611
2206 15 15 398
2206 432 432 432 404 398 404
2745 98 2745 2745 2745 2745 29 2812 2206 112 2838 2833 2206 404 2206 2237 2206 2237 103 103 103 2206 2745 2237 2206 2206 2745 103 404
398 398
103 2611 13
98 2745 2206 2745 98 13 13 13 2206 398 432 404 398
432 400 404 29 2812
13 13 2611
2611 29
29 2812
103 2611
29 2812
29 2812 398 432 2065 432
404
2611 2611 103 2206 2237 103 2745 2745 2745 2745 545 2206 15 2206
29 2812 13 13
103 72 29 2812
16
72 29 2812 29 2812 103 29 2812 103
16
32 2611 15 70 16
81 13 2611 15 13 13 16
103 32 2611 103 16
16
16
16
32 103 2611 16
32 103 2611 16
103 2611 32 2611 103 16
16
103 32 2611 16
16
16
103 32 2611 16
103 2237 2206 16
16
16
13 16
16
16
16
13 13 13 29 2812
13 29 2812
32 103 2611 16
103 2611
41
2611 13
15 2206 15 397 397 397 397 41 75 397 41 41 2206 393
29 2812 2748 2006
13
103 2611
2611
2611
13
2611
2611 2206 2611
13 13 13
2611 29 2812
2611
29 2812 103 70 103 29 2812 29 2812 103 2206 103 15 70 15 2206 36 15 2206 103 103 2206 2745 2745 2745 532 2745 532 2745 2745 103
16
103 29 2812 103 2206 2745 2745 2206 2237 2847 2206 2745 103
103 2611
103 2611
103 2611 29 2812
29 2812
2206 2611 29 2812
103 2611 29 2812 72 2813
612 89 81 2611
2611
16
16
32 2611 16
32 72 72 16
32 103 2611 16
2611
103 32 2611 2237 103 275 275 103 441 441 16
103 2611 29 2812
103 2611
32 2611 103 712 16
103 2611
32 2611 16
89 2611 72
16
103 72 2206 29 2812
16
103 2611 72 72 72 72 29 2812 13
32 2611 103 712 16
32 2611 16
32 2611 16
32 2611 16
32 2611 16
29 2812 72 2206 2611
16
13 13 13
29 2812
29 2812 29 2812 29 2812 618 2812 29 2812 29 2812 29 2812 29 2812 29 2812 29 2812
103 2611
89
32 2611 103 712 712 81 16
29 2812 103 2206 2237 103 275 103 275 103 275 2206 275 103 275 103 275 103 275 103 2745 103 2745 103 441 441 441 2206 2206 2206 15
32 2611 16
32 2611 16
32 2611 16
16
29 2812 29 2812
32 2611 16
32 2611 16
103 32 2611 16
29 2812
32 2611 16
32 2611 16
29 2812 72 16
2611 32 447 2611 16
29 2812 13
29 2812 29 2812 72
29 2812 72
16
16
16
