0 12 5 13 91 22 34 49 25 71 12 4 14 69 45 65 16 10 96 89 33 40 56 16 52 27 91 41 54 61 40 16 82 87 36 99 62 84 20 41 35 64 22 10 64 62 88 52 35 73 68 66 60 81 31 64 99 13 15 58 63 42 42 21 84 58 77 3 58 38 63 15 18 43 54 68 95 21 43 22 4 9 80 55 28 40
67 1 20 88 57 54 33 81 44 79 31 49 48 84 12 18 16 71 47 83 1 51 73 43 47 52 85 36 54 51 99 19 18 48 11 90 85 23 66 18 94 42 98 47 8 23 36 80 74 35 44 6 50 39 41 90 44 55 42 79 11 29 50 36 31 23 50 66 15 3 80 99 59 69 23 68 90
62 38 66 20 80 57 76 27 90 84 26 35 30 54 64 49 82 34 54 79 2 51 98 97 45 36 30 39 81 63 54 18 76 74 10 25 41 47 61 3 68 49 79 53 83 47 34 45 14 49 44 10 51 33 11 31 90 0 90 18 54 45 24 9 52 9 57 37 10 31 72 52 6 76 12 67 69 68 82 76 76 27 93 56 96 41 88 55 94 25 26 87 90 52 51 37 19 15 23 56 46 87 6 90 36 75 85 55 60 58 36 89
82 83 97 20 62 69 78 70 32 18 40 16 48 56 14 69 28 90 4 14 81 77 34 45 84 39 93 92 22 38 13 35 27 22 89 98 72 14 14 48 61 43 47 36 64 0 16 28 31 19 96 66 2 45 5 52 12 1 50 75 32 52 98 8 11 21 47 56 26 98 67 16 21 27 7 71 36 59 61 60 89 34 13 99 6 70 58 30 42 65 22 38 54 85 37 55 80 45
19 82 75 59 54 17 11 81 21 21 78 34 98 68 6 20 74 55 70 10 88 92 22 29 40 48 53 8 32 67 47 25 25 18 88 7 52 4 12 23 37 87 3 25 43 18 85 49 12 8 39 61 50 81 60 18 34 70 15 72 63 41 88 50 56 61 3 35 3 59 21 65 17 25 11 41 14 93 89 35 53 43 21 80 28 41 24 44 0 61 45 8 74 41 23 17 36 20 88 52 95 65 37 98 98 12 57 48 13 90 57 15 43 77 88 60 54 7 77 87 58 91 17 46 35 71 63 41 7 25 27 77 77 68 82 73 59 90 56 56
96 87 33 94 67 52 17 82 67 96 41 44 51 66 91 4 40 23 88 67 23 37 71 77 81 38 57 58 2 31 69 27 73 23 26 84 25 49 90 90 60 38 82 78 98 97 99 40 22 55 80 5 80 23 77 98
88 47 5 61 57 97 51 50 40 40 56 20 54 69 65 37 1 69 35 79 94 85 43 99 60 18 45 12 22 98 63 29 63 37 89 50 45 41 64 90 64 24 4 79 83 60 15 31 26 99 88 92 32 29 89 94 64 78 48 24 61 95 71 10 29 25 3 2 49 77 38 85 13 69 90 97 48 75 49 90 99 93 20 40 61 67 38 18 91 46 20 83 47 89 34 77 71 83 45 75 58 98 97 74 66 18 86 19 79 9 89 75 81 7 34 9 24 2 86 11 98 85 91 86
94 47 84 37 5 74 44 80 21 34 0 10 25 86 99 1 46 9 97 27 32 15 82 10 31 41 57 21 57 34 40 44 41 96 20 64 2 95 23 30 91 60 17 94 25 73 36 83 37 10 63 27 29 37 52 40 66 49 89 41 4 5 60 75 89 36 24 90 79 95 95 85 30 53 84 45 84 72 89 82 64 95 6 8 1 3 55 82 92 69 19 47 40 35 53
16 89 8 33 55 9 4 89 65 54 10 89 72 17 15 29 54 3 89 81 53 18 36 41 40 95 87 89 46 94 39 49 80 1 83 1 99 49 51 88 49 79 31 51 89 77 59 56 46 54 94 71 1 87 30 27 90 6 5 79 79 64 59 98 16 66 9 93 88 74 41 0 80 89 75 72 13 9 44 73 47 16 89 90 89 63 15 82 14 53 98 34 68 91 83 49 50 57 1 1 16 43 77 9 32 29 64 75
93 56 88 52 20 53 25 77 1 20 34 97 34 46 77 32 87 18 50 55 39 45 34 11 90 95 11 94 55 80 75 4 17 67 99 92 41 26 36 52 59 40 20 49 56 67 88 20 17 59 34 6 64 19 72 13 90 77 9 49 85 57 0 51 13 14 85 94 8 9 10 49 19 21 5 51 64 8 30 85 64 13 70 7 93 33 49 2 47 81 81 82 42 76 92 99 14 5
59 67 62 31 33 80 56 64 46 94 12 33 51 41 76 63 8 24 17 51 99 77 11 7 52 67 30 81 65 34 22 27 51 39 90 26 73 43 50 47 90 12 5 10 54 89 23 72 44 4 57 66 57 48 41 99 32 92 59 98 13 83 91 87 34 72 50 12 64 91 5 20 24 36 9 83 19 89 33 2 32 10 9 15 58 67 28 62 68 95 32 24 90 89 52 52 1 80 13 30 4 89 49 9 90 50 14 11 40 44 32 1 18 54 56 87 35 13 49 24 79 66 80 26 31 77 29 66 68 90 66 30 52 29 67 22 45 92 85
30 87 51 10 6 2 42 16 68 96 11 86 68 51 96 95 22 4 32 15 41 31 23 41 36 55 32 67 54 48 81 35 68 69 64 83 52 75 98 84 5 7 91 92 33 53 45 22 27 67 73 34 55 65 63 0 21 30 53 69 29 42 92 3 32 38 36 95 82 97 45 70 89 79 48 23 25 79 44 74 40 34 15 57 71 67 83 71 29 1 68 15 92 62 44 10 94 83 83 70 42 41 72 80 53 46
43 32 55 60 61 94 35 44 79 67 52 50 54 6 32 30 2 43 52 18 36 82 35 37 24 70 94 69 75 41 23 54 50 71 46 53 52 79 46 13 57 90 62 13 8 3 1 6 23 14 29 63 18 35 99 92 25 78 17 34 41 8 11 0 87 89 11 90 53 90 50 35 65 59 19 2 71
29 40 40 44 1 65 33 25 52 42 89 13 22 82 0 46 29 23 95 63 40 38 29 1 67 56 35 6 82 37 85 17 48 51 98 29 11 45 59 76 32 19 46 17 97 83 87 32 83 99 0 59 64 21 62 90 38 7 40 52 58 95 79 13 71 77 76 71 77 80 37 65 50 28 54 12 39 12 40 9 71
51 75 33 60 77 3 84 92 47 55 99 38 38 21 96 0 42 40 10 89 30 65 87 87 46 11 96 41 57 61 57 12 32 74 22 54 37 69 30 59 56 10 77 59 84 47 17 61 58 78 20 56 59 34 19 8 41 65 64 99 63 33 21 21 62 76 85 36 71 75 0 40 10 20 9 95 22 35 21 0 70 91 21 53 57 14 60 68 61 34 22 47 34 89 11 76 21 60 70 36 24 24 1
34 91 8 87 21 80 39 49 43 24 40 35 3 97 63 37 38 80 10 83 31 91 63 65 98 12 82 12 11 36 59 61 47 39 11 36 10 94 38 80 40 92 63 2 37 73 10 20 62 52 57 8 58 64 57 19 68 82 14 62 67 15 8 33 35 51 47 48 39 12 85 84 5 37 92 69 70 42 51 67 75 38 30 36 35 64 58 50 19 62 85 90 21 36 50 23 15 7 88 13
4 85 31 6 24 77 25 74 84 67 76 3 17 82 18 39 68 36 65 57 52 31 43 68 29 20 30 64 68 25 37 98 27 33 48 16 97 25 26 49 13 16 11 85 76 60 21 59 27 15 90 72 28 69 83 59 55 38 0 29 88 84 97 5 89 62 3 63 40 65 83 31 62 36 42 69 84 33 56 8 40 54 31 83 34 77 75 88 48 77 98 85 97 18 14 89 98 86 20 72 40
98 54 57 86 77 51 22 57 26 40 18 34 38 73 54 32 52 36 42 15 6 71 59 46 56 66 10 10 64 95 98 0 65 15 93 30 80 8 2 41 45 68 22 37 59 90 78 5 83 79 76 90 12 90 56 51 45 4 18 71 60 64 13 86 44 77 9 98 92 31 90
46 93 63 43 20 67 25 54 17 70 39 24 32 63 11 35 29 74 20 40 92 51 42 43 36 99 67 54 93 70 56 20 96 96 3 32 64 13 77 41 94 65 32 50 22 31 35 9 46 21 11 50 8 84 85 50 13 44 13 9 27 47 18 77 69 19 64 4 28 88 23 86 11 12
45 56 73 70 77 34 22 20 43 14 84 22 56 94 17 87 22 85 31 78 96 11 2 6 72 69 72 60 3 37 8 80 83 28 36 22 39 4 21 31 67 45 55 80 82 15 28 76 24 32 97 91 27 55 75 29 43 40 14 57 41 29 9 11 32 90 52 48 37 74 1 29 35 86 77 84 29 30 19 75 91 72 48 5 36 5 26 67 49 72 75 51 61 18 98 29 19
0 95 47 73 1 15 57 4 3 55 26 84 33 10 72 36 24 55 75 4 89 40 11 28 77 8 9 79 20 62 47 39 77 77 18 37 70 73 63 35 4 68 79 28 38 87 58 31 34 56 58 64 59 1 71 0 51 13 24 77 50 47 5 78 30 28 30 9 94 29 99
83 14 89 37 32 48 39 3 40 51 58 71 13 56 11 82 5 9 64 12 11 75 1 94 40 13 19 49 77 44 28 86 53 40 4 82 19 58 40 1 62 41 85 29 59 83 83 9 14 88 9 19 99 23 73 57 69 46 68 13 15 26 4 25 19 89 15 94 56 65 63 15 78 74 44 79 57 71 57 34 78 9 9 66 77 76 75 37 8 31 90 90 90 63 11 53 1 53 43 38 76 34 10
39 16 5 57 63 5 13 1 45 80 36 58 87 76 81 51 8 81 61 73 63 35 93 58 44 4 97 20 42 10 86 84 89 97 1 79 88 14 62 86 7 70 88 8 25 40 68 41 59 3 37 83 92 56 38 20 18 56 25 71 57 51 19 85 96 97 56 38 62 60 70 44 40 97 11 20 69 20 66 83 99 11 8 93 44 50 88 7 50 25 56 71 47 82 96 35 92 44 25 72 68 57 12 11 86 54 5 52 24 0 80 52 73 21 74 73 32 44 68 76 49 45 24 33 31 64 49 24 46 16 82 92 89 46 7 20 58 97 29 33 73 83 90 3 37 77 29 47 35 25 36 40 8 85 75 13 45 3 13 22 14 99 6 8 14 23 15 34
11 86 13 38 66 77 68 10 25 76 16 77 53 47 16 10 52 41 99 13 75 96 91 1 65 36 87 47 20 95 91 35 55 52 80 94 33 78 5 38 21 86 97 69 42 87 47 59 31 98 47 84 33 25 83 15 48 2 87 58 84 56 42 56 28 9 85 34 96 5 43
19 81 95 96 81 48 35 80 7 8 22 17 13 33 89 87 54 66 90 87 48 9 67 46 67 86 11 68 35 68 91 50 93 71 71 37 50 54 25 6 91 1 11 52 36 5 62 18 32 79 6 59 11 74 29 44 47 43 8 19 52 42 24 84 28 83 23 71 9 11 41 3 99 40 2 78 12 90 29 31 62 43 7 15 2 40 94 97 15 39 53 97 33 41 56 22 27 96 39 90 68 18 9 39 30
79 36 9 20 39 22 49 37 41 7 80 65 35 8 55 79 42 43 60 68 54 72 19 21 18 50 94 40 85 38 45 0 89 3 47 92 2 40 89 89 94 64 96 41 44 14 20 57 0 87 65 22 96 64 99 9 54 69 6 11 84 35 81 80 23 11 82 96 36 38 18 51 80 59 1 51 82 57 1 50 73 71 12 28 41 50 23 19 35 93 58 15 64 59 21 14 62 22 71 75 71 39 46 58 97 28 51 40 80 22 18 3 14 20 79 70
65 35 17 12 94 63 55 68 83 63 65 57 95 36 67 85 3 24 7 15 43 11 57 53 23 13 32 36 68 37 28 53 74 5 64 90 37 3 72 68 56 40 23 7 16 30 3 41 48 7 79 44 86 66 27 71 91 34 49 67 12 26 33 38 15 20 54 62 44 14 18 17 5 14 45 20 97 32 35 4 6 1 89 35 21 36 49 30 14
7 47 95 69 66 33 68 6 5 69 30 89 11 49 76 59 96 4 1 62 43 93 79 94 39 56 71 2 39 26 99 25 70 54 49 40 11 74 51 6 36 35 60 5 88 69 61 80 99 61 10 62 86 33 94 50 78 25 50 85 88 85 7 61 27 51 4 35 27 37 53 50 10 49 94 45 59 71 43 15 77 57 19 95 35 83 11 65 53 81 10 25 23 3 40 40 74 71 31 5
36 44 85 80 43 12 53 34 36 18 54 63 5 85 57 50 76 5 16 80 75 51 82 91 92 3 35 5 96 94 54 99 97 85 6 21 43 86 76 65 85 96 68 44 36 84 11 73 32 46 59 74 17 50 11 9 87 31 84 69 61 4 45 23 25 36 69 85 20 89 46 93 42 92 68 87 40 85 64 84 79 96 64 88 80 19 90 96 83 41 13 83 90 60 70 26 49 76 38 32 5 79 31 43 80 36 35 54 65 24 52
36 80 79 49 39 11 27 89 73 71 47 45 67 81 21 52 53 9 30 63 71 8 33 71 70 34 42 59 21 36 17 64 7 91 92 26 73 68 25 77 44 27 40 53 36 58 68 98 14 38 79 49 86 10 8 84 42 41 61 73 20 43 66 80 42 15 68 34 39 54 31 5 73 48 17 19 91 21 31 29 92 67 31 20 9 72 70 87 65 85 52 88 28 44 38 72 6 33 16 72 43 1 38 38 50 11 4 11 97 7 52 38 47 29
27 95 69 82 62 96 91 92 16 77 20 6 39 86 58 11 98 37 67 59 7 3 8 37 63 12 57 84 3 24 68 28 30 81 98 54 47 78 74 34 89 38 55 19 7 72 41 94 63 32 66 6 99 62 30 91 20 89 43 85 67 64 15 2 89 79 5 31 37 54 43 70 8 34 55 5 10 27 96 92 24 54 28 21 27 47 8 2 74 47 80 94 17 20 90 94 27 76 95 29 0 67 28 66 3 64 56 39 66 57 97 83 38 94 67 51 66 9 9 83 12 8 98 31 55 63 38 27 29 40 53 80 65 76 35 87 51 25 9 35 17 90 63 5 63 56
22 6 71 14 46 79 54 6 83 22 53 36 84 80 34 72 96 92 67 63 35 94 28 77 20 72 71 37 18 80 65 29 48 75 92 81 79 83 40 23 34 90 66 6 38 14 38 90 71 97 67 92 17 5 89 26 42 20 53 21 31 77 9 70 31 30 51 58 75 19 93 83 46 74 88 59 99 32 63 87 81 50 75 43 42 81 21 37 27 34 79 34 0 85 45 56 39 24 1 95 16 56 66 67 46 99 35 49 83 15 13 78 71 63 54 91 44 8 4 92 72 68 72 3 55 90 89 47 57 89 84 11 55 78 91 67 95 54 45 91 6 19 55 46 67 71 8
26 1 78 31 33 38 68 27 28 60 19 40 14 65 8 74 74 45 56 27 92 95 38 8 68 71 80 2 40 23 10 89 15 69 57 41 65 88 83 58 2 23 44 78 91 40 64 13 8 82 55 50 76 80 91 37 68 66 83 82 9 88 77 22 50 21 96 41 33 76 48 43 46 30 72 81 24 54 66 84 0 82 45 68 77 27 32 13 84 74 46 0 19 16 84 56 25 5 95 42 51 9 92 66 36 98 86 36 19 43 92 67
10 86 18 78 36 98 59 33 92 21 55 8 82 51 17 62 77 36 45 26 99 42 11 16 54 65 67 8 25 11 92 24 85 14 89 12 8 95 22 95 28 77 65 57 31 18 83 77 74 31 81 48 95 84 45 86 89 44 32 71 36 96 75 85 63 32 27 18 29 53 87 3 69 47 9 7 23 11 9 14 30 70 24 58 54 71 61 8 28 69 57 24 59 89 14 75 72 31 58 46 59 90 67 51 21 94 2 5 64 73 60 81 0 9 71 11 40 70 22 55 2 40 58 49 96 16 26 20 56 73 54 24 79 36 62
65 57 79 72 63 60 57 40 8 14 60 73 63 45 56 50 64 68 94 77 50 59 91 72 32 13 15 3 3 31 35 65 71 90 42 30 2 77 26 5 9 56 43 84 64 77 15 69 85 15 47 30
40 21 78 4 93 73 74 36 35 53 3 69 7 30 93 93 97 31 99 45 51 31 42 80 46 56 38 64 19 73 90 81 75 60 26 28 39 23 69 72 37 5 51 86 91 4 67 96 51 20 40 76 99 17 82 0 58 83 21 64 82 33 85 76 49 26 44 12 74 91 2 49 91 66 69 3 15 32 10 27 56 36 4 76 9 51 11 13 60 75 98 21 21
44 55 46 92 7 65 33 60 90 48 44 94 24 81 79 77 43 73 67 94 93 69 62 61 59 44 21 58 70 85 81 48 49 35 39 71 50 65 68 54 45 50 9 52 73 51 57 94 57 70 16 1 74 79 60 50 32 85 87 58 1 51 37 70 89 8 39 82 33 11 81 98 88 57 12 95 97 94 30 82 36 45 55 75 29 32 22 37 58 30 47 7 39 86 26 40 70 17 76 31 87 35 23 87 64 78 60 2 99 57 43 14 40 52 90 64 11 3 22 52 77 6 55 74 1 29
61 76 75 63 52 2 74 14 91 53 89 1 29 98 91 84 11 34 79 53 59 6 53 6 68 95 2 6 65 55 66 3 36 97 43 54 13 41 75 74 65 27 6 25 12 5 98 27 21 28 36 82 80 90 99 78 16 77 76 36 40 13 36 38 84 4 71 9 33 10 98 25 54 28 99 68 60 35 73 35 42 95 1 93 46 80 70 96 2 26 36 38 42 34 2 39 43 88 10 24 31 69 15 31 8
84 16 7 85 7 87 52 24 35 0 53 51 83 34 76 31 21 98 78 77 29 35 36 44 42 43 14 39 7 96 96 62 53 48 81 60 48 8 37 88 0 8 87 83 73 57 63 96 55 24 54 58 44 30 21 95 91 13 28 74 19 28 46 38 1 83 61 62 50 23 50 52 77 41 19 27 38 76 6 84 64 10 69 65 67 55 93 34 97 95 19 94 73 13
0 77 91 74 43 62 52 69 30 65 20 88 5 65 75 36 20 44 62 80 70 58 16 21 68 49 12 51 80 10 48 81 44 57 3 91 4 50 78 62 40 65 38 66 70 12 73 73 6 77 48 67 4 8 91 19 66 33 61 79 87 85 42 47 73 44 81 9 36 86 40 40 13 51 23 51 44 7 4 66 40 77 75 2 99 42 75 11 38 52 29 19 3 44 10 16 74 62
86 8 7 44 34 10 70 45 63 37 39 52 51 10 24 35 13 10 90 92 98 93 78 43 89 74 65 45 57 79 57 47 57 83 98 64 5 14 79 58 6 7 44 58 99 45 47 37 40 50 75 9 49 5 85 22 46 78 99 31 99 20 42 86 9 8 92 59 7 55 9 57 78 17 54 35 5 10 31 72 39 66 20 99 90 33 35 88 41 88 19 19 23 57 2 68 62 24 71 38 6 36 17 33 2 29 25 72 11
41 19 53 79 97 66 18 99 11 79 8 68 54 17 44 6 57 12 90 69 75 71 78 79 25 86 30 55 11 98 97 7 91 95 33 4 71 47 34 22 85 42 29 71 68 0 54 36 33 28 70 12
35 75 67 64 60 63 21 50 97 40 31 66 90 89 76 85 38 12 58 57 83 88 67 72 19 86 25 39 71 10 76 37 99 79 12 55 63 72 49 12 56 77 12 38 27 35 50 16 56 55 35 67 86 40 78 56 11 62 5 33 27 74 46 97 64 67 92 85 68 84 82 18 4 14 10 47 13 4 30 18 79 64 64 78 78 3 11 4 6 33 73 81 57 95 57 29 30 65 57 34 93 17 34 38 25 91 28 61 11 61 74 57 71 83 13 14 77 45 77 8 4 51 24 13 63 44 74 38 4 61 69 32 99 39 83 55 50 17 70 48 9
83 48 60 53 89 42 59 84 0 65 86 2 0 79 62 52 28 81 32 68 67 18 5 20 47 9 78 66 58 35 40 11 24 11 17 2 2 57 11 75 4 28 48 76 83 83 2 41 9 77 63 58 58 59 45 41 93 16 63 54 83 2 7 19 34 20 15 96 5 54 92 14 71 64 62 45 1 34 91 46 24 49 91 99 78 87 14 80 81 21 13 15 13 22 96 43 80 73 61 86 42 73 30 8 26 24 76 90
91 41 57 33 16 2 19 62 44 74 27 44 36 24 38 57 43 17 14 35 26 34 53 10 51 79 45 14 54 27 34 27 93 80 20 77 73 10 65 55 6 80 96 16 34 54 16 85 8 3 5 85 6 49 36 23 19 6 57 36 53 89 42 79 54 38 93 1 58
18 53 96 47 86 30 23 29 76 33 5 64 14 62 46 51 42 2 73 39 13 60 70 92 41 21 83 66 97 79 56 68 38 46 61 38 3 32 37 31 48 30 57 62 27 34 73 40 92 60 7 69 85 1 20 87 88 26 80 65 1 44 12 5 46 28 44 38 41 34 83 80 31 73 10 28 92 70 78 21 58 97 70 4 39 70 18 14 16 99 74 58 87 99 18 19 24 83 79 61 9
93 53 63 93 21 52 29 2 13 92 33 97 43 98 68 96 3 53 21 23 19 31 86 31 85 40 0 40 98 30 33 78 3 1 32 94 97 95 97 39 36 28 41 84 12 75 73 64 55 99 60 2 90 44 21 0 18 94 71 17 63 32 98 32 70 13 87 81 22 47 49 36
57 76 29 52 11 25 46 58 9 89 76 8 38 44 21 80 49 20 8 31 61 30 49 24 47 16 40 52 14 78 20 89 44 48 68 5 88 49 35 44 81 19 10 7 38 86 23 39 89 38 27 30 96 2 79 62 46 38 34 37 88 36 72 30 23 35 57 34 14 46 83 1 25 57 58 26 54 51 11 81 84 89 83 68 98 47 30 11 45 97 88 22 23 88 80 19 11 20 62 89 26 14 55
65 94 77 77 0 60 4 2 14 0 53 25 9 12 58 50 65 89 22 87 43 19 52 48 79 88 74 62 2 98 65 32 47 38 96 66 35 4 99 34 80 35 81 98 8 92 40 50 49 40 33 94 60 3 40 13 57 85 82 42 47 68 90 31 1 20 49 12 59 51 38 9 20 54 17 94 93 64 11 64 47 25 89 75 96 89 80 67 83 1 46 64 73 68 23 44 39 29 46 45 16 82 59 33 53 61 22 47 8 30 30 61 19 69 58 71 80 80 56 11
9 95 25 83 1 2 77 47 20 35 46 83 24 93 0 2 26 34 0 33 27 25 33 49 15 75 95 92 90 16 12 35 37 99 97 46 93 64 14 3 53 57 8 95 59 91 49 3 33 56 8 89 26 13 49 81 45 4 28 56 23 77 63 25 12 72 92 79 39 29 70 91 93 24 43 25 48 69 86 47
64 88 79 73 83 39 28 62 13 17 92 54 72 11 72 43 37 61 36 42 35 95 78 43 23 47 61 24 58 9 23 94 35 6 70 68 50 89 36 62 86 89 44 50 36 60 52 69 36 9 88 27 19 23 89 40 98 68 23 68 6 79 2 11 64 0
71 1 61 29 39 26 73 4 21 36 6 92 16 87 92 28 90 62 17 32 94 61 48 37 65 41 98 29 98 94 76 39 67 23 35 40 39 77 29 15 48 7 92 5 99 99 25 90 76 74 42 55 5 52 41 61 59 67 87 89 38 3 22 94 29 82 66 64 0 90 57 94 97 56 68 33 76 91 69 28 10 85 85 23 73 52 72 18 6 83 82 88 68 17 41 50 26 67 2 96 39 85 43 86 3 68 47 95 7 88 61 58 76 6 82 20 55 4 31 73 95 81 37 94 11 95 3 8 22 96 37 84 85 82 29 45 26 69 33 44 70 93 9 65 29 6 44 71 90 12 4 53 12 58 79 30 61 17 6 30 75 32 19 71 22 9 75 76 70 56 68 28 98
81 76 55 38 26 12 55 33 49 92 57 94 18 53 22 95 6 83 37 11 65 5 12 66 70 15 38 4 70 72 63 37 36 44 85 37 40 32 27 39 80 1 16 85 61 7 45
59 40 21 74 65 10 7 56 14 14 67 26 67 92 49 30 96 36 68 41 83 43 41 64 89 45 27 6 88 76 15 74 79 54 40 20 54 11 71 5 39 7 19 39 33 88 97 35 65 40 45 96 10 77 59 70 98 52 96 20 35 74 17 73 57 71 54 24 11 87 59 19 93 9 4 57 39 13 67 6 88 43 94 26 36 2 48 23 6 49 92 64 16 31 42 35 79 68 71 58 13 65 77 80 9 63
48 92 43 61 20 60 4 47 18 16 89 81 36 60 20 55 72 38 10 21 20 29 7 19 88 15 33 34 38 78 42 55 61 78 51 53 13 24 28 59 94 78 5 68 60 44 11 52 72 9 41 82 47 14 98 2 31 60 83 84 87 12 6 45 66 35 23 28 39 12 99 0 38 33 37 35 10 24 47 83 14 62 89 6 65 67 10 71 61 90 50 16 67 79 95 6 19 66 12 77 67 7 97 95 51 22 15 92 29 0 36 84 27 46 71 11 63 76 66 50 23 0 89 80 65 43 78 76 50 81 97 7 49 48 3 69 61 50 30 3 49 81 61 1 87 57 67 38 27 16
8 94 84 51 5 58 28 5 56 58 16 44 43 41 58 88 11 22 93 43 15 27 14 47 45 18 91 22 8 43 32 25 16 59 65 13 98 93 70 63 57 20 42 75 4 44 34 42 62 57 77 21 59 70 34 78 26 36 81 31 75 11 25 70 53 79 39 33 86 14 45 81 65 46 10 90 39 42 89 33 41 66 36 58 68 25 41 40 64 63 79 47 70 46 13 54 11 40 45 80 91 22
81 50 88 69 16 45 88 88 17 68 28 43 59 15 0 71 33 97 60 15 64 87 11 22 79 84 38 92 7 42 90 90 2 41 89 44 19 45 74 52 46 57 6 76 98 11 25 23 43 40 74 62 23 63 14 25 62 60 44 31 71 2 42 49 62 31 19 86 15 2 22 65 69 54 6 12 65 91 69 24 67 55 38 8 18 35 77 80 16 47 94 76 96 73 59 73 93 13 38 23 9 57 59 74 1 3 97 35 35 17 40 32 57 80 19 75 0 41 71 45 16 10 80 37 20 55 8 64 46 81 10 34 71 11 15 41 3 31 67 60 9 86
9 96 39 97 55 76 24 27 20 82 87 61 12 91 44 97 0 10 34 30 40 99 34 96 38 40 85 41 71 54 54 82 65 94 12 95 59 46 74 42 74 4 14 37 25 37 97 68 75 14 62 0 26 96 45 82 15 40 0 64 28 57 64 70 17 63 99 92 54 15 61 60 99 34 28 8 96 98 55 48 59 91 17 39 65 12 43 60 53 32 17 84 76 80 70 2 1 94 7 21 2 64 33 22 35 27 62 1 83 4 81 0 80 83 29 95 63 7 81 55 85 96 5 72 4 71 66 13 89
51 89 23 23 37 81 9 94 3 95 81 61 48 62 23 56 10 57 22 54 77 97 65 96 24 3 85 16 77 1 80 98 81 41 97 58 54 75 84 74 71 78 89 82 44 9 62 38 63 43 74 7 6 49 63 0 61 1 82 42 57 75 40 22 39 89 13 20 34 92 48 37 1 12 8 85
64 43 33 47 45 88 85 74 36 23 94 56 26 85 60 89 48 39 94 81 76 27 71 6 68 96 45 51 11 50 95 58 7 0 16 35 35 11 91 40 80 22 1 57 50 91 71 81 35 52 37 62 59 12 18 98 59 64 64 9 17 3 88 91 11 19 71 35 40 83 25 0 50 23 24 53 17 82
38 99 63 0 98 75 9 69 18 26 54 46 65 30 75 46 60 54 14 67 75 78 51 2 16 65 43 48 9 92 85 10 20 56 32 62 8 7 57 58 96 30 74 87 54 7 2 71 39 99 6 51 76 42 73 68 4 53 81 51 84 79 72 77 51 98 79 6 61 38 28 8 74 30 40 54 1 78 90 98 38 95 83 50 58 78 39 56 15 31 38 31 48 31 80 22 87 10 86 58 0 1 40 47 16 99 51 51 8 10 58 32 79 18 81 98 28 51 79 7 46 28 16 4 31 19 3 27 71 58 31 27
28 28 89 86 72 33 0 92 10 83 72 62 17 17 93 36 2 6 91 34 81 82 33 31 97 11 38 89 61 32 73 1 85 36 67 39 98 71 10 73 20 27 64 96 61 42 71 40 66 71 73 43 54 23 28 61 15 14 41 69 58 13 27 28 39 31 4 64 49 87 15 81 54 38 16 80 33 30 58 59 98 45 85 24 6 18 44 41 88 94 18 27 97 81 38 14 6 27 70 90 55 13 88 39 28 90 99 45 9 63 71 59 81 57 20 30 21 10 48 8 74 22
62 0 25 48 77 34 68 1 62 78 54 68 83 74 40 83 58 76 99 57 72 58 40 34 83 93 13 38 92 6 78 25 13 81 31 77 29 82 56 88 60 47 17 74 24 19 1 65 17 3 17 42 78 11 70 36 76 40 58 20 47 19 68 92 29 70 41 64 65 71 33 16 99 74 21 28 46 87 59 23 75 28 22
76 55 57 26 53 3 40 56 39 14 71 15 90 20 41 63 57 86 81 95 59 66 58 53 88 28 37 72 5 93 42 16 3 36 79 26 14 4
7 77 37 75 98 29 1 40 66 17 54 65 95 15 37 38 58 28 33 30 1 35 10 63 92 59 18 24 99 80 2 85 98 37 8 52 97 5 86 18 96 92 32 84 88 46 16 41 20 8 19 85 90 94 58 46 65 29 3 33 37 90 55 51 74 10 49 75 8 16 77 48 47 87 33 2 64 57 17 59 33 65 59 14 37 59 13 34 31 34 99 83 71 16 81 41 87 52 58 85 66 67 91 99 5 81 1 89 76 3 26 29 39 31 21 87 15 22 58 62 10 3
92 91 25 69 89 22 35 4 20 75 87 63 35 98 23 11 63 42 22 53 34 23 40 92 83 12 65 20 58 94 26 18 96 92 2 44 9 38 61 33 59 8 23 16 9 48 11 98 98 34 40 98 56 7 78 39 99 64 90 41 26 83 66 10 14 52 2 4 34 13 13 57 47 93 48 59 27 89 53 92 64 0 86 74 74 87 10 47 35 36 81 96 58 70 35 72 23 70 69 66 13 79 21 16 43 57 67 50 61 15 72 36 83 58 39 89 92 91 87 96 92 90 94 16 71 6 38 56 9 85 38 35 1 48 0 69 23 27 46 68 58 33 90 35 76 24 39 73 11 22 11 88
45 61 81 64 11 86 25 93 40 0 8 77 28 45 25 22 57 78 80 10 95 51 52 57 70 51 39 93 22 26 18 13 91 12 21 96 29 17 87 42 78 67 33 30 67 81 16 26 10 0 35 54 45 44 82 68 82 49 91 68 19 67 29 96 11 74 67 98 86 86 18 56 12 5 80 67 5 43 51 39 1 89 31 5 84 85 79 94 97 72 69 32 19 49 98 96 58 66 40 94 36 93 42 22 19 44 16 29 70 52 12 9 90 67 67 85 74 69 37 83 71
54 87 98 80 32 69 10 26 59 16 87 69 56 55 40 2 91 60 21 78 95 61 18 30 74 55 63 61 40 39 36 69 13 11 56 66 91 89 39 51 59 62 81 75 48 21 20 96 46 56 54 10 78 43 98 14 64 94 38 15 32 27 27 44 93 62 40 7 95 19 65 17 85 21 11 0 72 13 82 34 8 65 82 21 50 75 54 93 48 57 38 33 33 91 77 68 14 32 0 84 17 52 9 32
78 34 81 89 22 49 30 24 95 7 31 46 83 4 36 28 3 28 56 23 91 69 11 81 58 7 6 22 76 54 1 11 93 36 95 70 50 40 72 67 31 0 60 10 44 11 69 36 74 28 75 73 45 98 53 44 62 26 97 74 89 42 1 42 20 86 77 66 32 49 38 28 52 55 36 4 52 34 68 99 38 54 7 39 70 44 7 42 43 86 82 90 92 97 10 67 84 90 30 30 89 6 64 73 77 33 8 96 40 11
95 57 16 72 78 26 38 0 77 48 80 10 10 12 59 59 75 81 18 9 63 94 9 44 64 31 16 67 10 23 95 0 10 54 78 6 48 19 11 35 73 23 45 3 0 63 74 40 40 49 87 62 59 5 72 10 95 11 8 71 90 79 86 95 46 11 12 13 71 49 25 42
55 16 12 56 38 48 8 31 50 69 32 10 91 53 76 61 7 16 28 31 0 5 33 93 43 49 98 60 35 51 10 73 65 92 73 34 50 36 97 71 0 26 77 7 62 45 36 85 46 56 68 9 34 13 57 3 73 12 32 23 34 25 9 27 27 82 52 89 80 1 64 56 71 87 20 81
90 49 96 3 1 44 65 60 2 37 74 74 68 52 11 18 14 93 23 91 88 87 81 91 84 32 9 94 46 83 14 49 72 26 36 63 26 56 96 81 3 32 82 8 0 7 44 70 10 11 8 33 73 44 86 42 86 49 34 42 33 87 22 79 6 50 87 47 30 27 35 37 18 75 83 11 45 58 61 38 57 34
73 18 89 11 48 11 42 38 86 72 0 63 1 28 80 31 44 34 22 74 51 59 75 61 19 36 40 99 98 56 95 31 10 30 79 73 28 71 68 80 99 39 66 56 47 82 30 61 91 95 40 41 53 97 71 11 72 79 98 57 57 68 12 21 64 88 49 43 12 33 80 89 99 31 59 41 67 24 39 44 82 39 71 55 7 96 88 86 8 88 13 72 68 93 52 75 75 48 1 20 24 91 26 40 99 19 19 38 63 21 54 6 5 26 22 45 99 74 25 51 90 36 41 27 13 61 9 64 71 4 63 24
99 33 67 24 95 83 69 8 40 35 16 85 27 32 62 48 6 27 93 92 38 1 34 25 83 11 8 62 37 93 43 61 11 55 14 42 62 3 91 46 3 79 33 29 54 2 1 35 21 55 47 1 81 51 86 64 18 77 2 63 78 80 49 47 81 36 50 12 46 79 56 51 42 91 4 64 44 6 11 20 9 71 76 79 13 41 25 90 11 90 46 36 94 10 11
85 70 45 33 53 91 38 89 1 51 35 85 40 67 8 64 14 35 10 8 61 53 71 81 44 23 16 14 59 27 88 66 27 49 10 76 29 41 62 42 24 36 17 59 35 50 22 85 91 62 51 52 89 24 85 4 50 8 62 22 65 85 93 53 10 78 89 43 66 43 43 0 75 98 3 40 79 23 86 51 32 90 26 95 82 65 43 40 59 39 3 86 88 16 26 17 7 20 68 18 94 1 8 14 28 31 3 84 60 58 8 47 84 70 59 70 87 95 41 5 25 46 28 25 60 64
48 74 35 72 54 88 85 43 19 11 81 76 34 64 69 18 47 81 81 9 11 22 11 12 24 9 90 58 77 57 41 82 10 90 95 64 17 9 60 93 87 43 53 28 47 20 94 20 42 31 45 64 14 92 69 67 36 44 22 51 47 71 95 74 55 67 30 80 62 57 26 43 78 35 31 23 78 83 96 30 84 21 74 50 69 80 55 78 45 53 53 54 93 76 55 61 57 74 24 76 39 86 37 44 57 79 47 35 51 8 8 96 59 38 40 0 81 45 85 1 55 15 26 85 50 61 14 36 65 90 75 23 24 73 34
82 43 64 32 40 63 0 26 19 12 25 75 34 29 96 73 40 6 66 33 81 54 31 90 27 86 91 57 36 52 32 53 37 32 17 56 42 38 30 84 34 28 99 95 90 55 48 4 34 8 64 10 35 77 56 0 96 30 13 50 87 36 13 54 79 88 18 77 81 30 17 21 23 89 35 69 1 65 53 77 9 83 2 43 56 33 10 93 93 35 59 34 58 16 65 91 69 81 87 50 21 6 48 71 67
26 79 3 6 35 80 32 2 48 93 27 0 33 99 23 72 22 59 64 20 72 38 26 71 24 79 81 19 34 89 38 33 10 50 11 36 94 67 89 6 12 74 62 80 37 76 35 9 56 44 36 89 62 69 60 98 54 99 20 94 26 93 78 20 13 72 15 58 54 22 34 6 37 73 26 48 36 61 95 42 1 83 55 38 37 39 50 31 99 76 1 77 48 38 55 13 69 76 3 37 21 51 62 8 72 38 87 55 40 12 37 81 38 3 90 3 14 70 12 4 48 78 8 82 95 80 1 68 13 85 88 71 58 89
0 62 26 60 65 63 53 34 14 21 68 21 43 89 34 9 10 5 80 82 98 77 13 22 5 44 97 38 11 76 89 93 35 73 59 50 55 87 62 52 45 9 48 14 73 94 9 86 13 92 75 17 48 40 30 41 17 43 92 28 80 92 6 36 90 59 35 94 29 36 27 35 17 19 91 71 1 9 33 70 51 11 60 58 14 49 66
10 51 96 91 17 36 57 62 59 81 9 96 77 51 36 97 51 39 41 34 64 54 57 40 66 59 75 44 82 20 80 46 66 93 83 56 68 19 28 79 82 67 10 89 92 7 67 11 18 66 58 44 66 56 35 37 54 73 42 76 86 81 6 67 80 12 69 6 53 83 38 95 5 92 6 84 90 54 93 62 92 55 55 29 58 77 52 65 91 70 98 6 36 85 57 94 20 40 22 38 49 34 14 80 6 4 76 34 33 11 53 27 72 22 63 39 77 64 47 47 77 34 78 86 82 60 77
97 34 88 34 53 27 74 7 57 83 14 72 57 44 47 96 53 8 43 23 85 25 71 70 6 56 62 27 74 60 69 54 86 89 88 65 96 29 27 96 66 79 51 72 86 28 41 65 22 52 53 87 52 80 68 28 26 71 2 92 84 18 71 74 41 68 25 57 24 35 1 87 26 94 15 87 44 64 22 21 1 10 58 37 26 90 98 6 5 42 76 66 80 61 60 90 1 82 33 33 3 11 61 6 91 77
68 70 59 9 54 51 37 57 23 38 68 26 83 37 14 26 19 66 81 52 5 35 99 95 12 18 30 80 58 80 14 34 51
89 88 15 53 9 70 49 4 0 64 53 73 65 12 48 15 0 51 37 68 46 46 24 94 63 87 30 50 8 83 76 34 68 63 33 34 25 87 1 64 82 0 22 49 2 33 72 90 59 53 28 23 77 54 2 66 1 66 59 14 52 48 33 22 62 65 65 36 8 4 22 0 73 44 13 19 23 18 12 75 10 11 82 51 37 45 94 28 31 95 46 46 35 73 58 99 89 11 33 39 51 72 25 39 39 64 22 7 41 6 87 43 44 29 19 95 23 39 89 34 3 24 85 70 98 59 41 25 66 93 65 48 0 76 81 93 36 93 59 79 39 80 50 56 31 75 99 79 95 61 99 36 15 75 55 73 41 55 77 89 9 69 59 11 66 50 7 77 49 57 84 59 49 37 33 68
54 80 96 2 34 74 82 94 92 56 38 63 11 8 89 2 29 41 45 72 14 88 75 93 65 99 84 82 54 61 3 79 71 58 45 86 86 52 14 33 31 12 25 87 16 96 10 92 36 5 37 50 62 99 33 31 19 32 58 89 93 94 32 91 44 59 11 98 48 88 1 94 53 70 67 19 51 79 21 36 90 19 91 46 17 33 19 18 12 92 25 71 20 74 96 20 19 26 34 37 21 30 12 10 86 44 77 49 23 4 34 12 1 90 92 95 6 59 64 33 32 8 13 21 11 40 97
44 46 5 43 90 86 40 37 74 44 90 54 93 14 74 96 10 26 73 3 10 35 43 64 41 93 94 25 49 30 18 55 0 32 61 74 28 73 83 44 30 88 22 3 32 48 33 98 27 71 32 73 21 80 44 13 45 53 81 6 98 98 23 64 60 13 79 76 50 8 51 43 90 98 81 2 75 34 34 85 55 97 40 2 64 61 67 87 90 8 68 95 61 45 68 76 27 9 41 56 97 56 10 53 11 74 19 4 33 45 65 87 5 86 15 34 15 95 90 57 12 80 87
65 21 50 52 22 55 57 2 0 24 10 97 38 43 19 9 66 3 53 56 93 90 89 11 11 64 47 72 32 56 6 83 72 35 53 35 31 63 83 72 42 93 21 20 28 81 34 31 47 86 24 67 14 91 68 4 17 2 28 30 36 56 3 14 87 42 24 94 8 77 11 67 67 48 59 84 71 31 58 93 86 56 55 6 57 84 93 15 53 41 54 73 8 82 2 39 41 7 56 20 0 19 39 34 67 45 92 43 40 39 62 41 84 22 18 24 37 71 85 44 72 58 8
41 66 21 88 19 2 15 88 81 98 36 68 98 74 17 78 9 12 3 61 97 12 42 15 0 42 93 86 92 26 29 39 20 97 10 75 57 16 59 44 72 19 76 25 45 23 24 7 29 30 9 92 25 18 2 12 90 58 24 75 42 27 10 64 17 8 35 5 6 52 70 87 16 4 37 90 12 99 7 64 94 92 58 28 60 45 41 53 40
96 70 10 67 2 39 67 82 1 47 65 3 53 45 41 37 94 19 63 9 66 17 57 47 18 69 88 24 43 12 69 59 82 71 76 94 13 74 83 48 6 16 55 28 72 8 20 52 18 19 10 1 5 15 75 26 75 39 27 22 82 6 15 55 80 10 77 57 10 21 27 70 31 90 7 53 80 94 31 38 91 96 58 58
68 17 89 10 57 33 18 44 4 21 19 64 37 73 30 80 22 35 86 64 38 15 78 43 40 27 86 30 83 11 70 59 84 28 26 43 36 6 45 66 50 47 57 55 82 57 64 85 99 67 13 65 27 76 31 33 10 76 2 10 36 69 89 4 25 57 90 78 79 62 13 42 30 74 91 13 97 32 45 75 17 47 60 42 92 32 84 11 97 46 27 84 38 81 19 20 71 94 59 56 59 26 85 20 24 33 75 45 99 76 76 46 48 88 8 98 53 92 64 41 76 32 23 53 44 1 58 5 55 60 86 94 65 19 28 28 22 57 56 15 3 6 33 43 92 25 14 71 25 12 32 67 1 93 51 94 74 73 89 6 97 87 16 67 1 3 44 87 43 55 44 95 61 40
23 46 2 13 34 10 12 81 13 79 55 24 18 97 5 15 65 17 63 90 52 47 85 97 96 66 87 66 38 89 44 66 27 50 21 77 80 31 34 67 48 99 50 6 29 88 11 40 32 12 87 38 82 15 40 68 86 81 49 44 41 78 58 17 85 73 30 12 89 72 35 34 58 28 68 57 94 2 32 74 72 73 83 92 98 29 95 82 27 93 5 6 65 52 13 45 10 59 22 53
39 23 82 57 8 12 14 0 92 60 55 63 77 20 57 40 85 52 15 20 20 62 41 92 4 2 53 62 29 51 2 61 36 64 9 59 0 9 69 28 12 54 12 99 87 35 18 78 93 74 88 83 6 13 64 59 12 10 93 55 39 42 31 21 57 62 36 33 85 74 29 29 95 63 23 59 96 7 73 22 88 2 0
63 38 47 21 66 25 17 91 24 31 76 0 36 53 31 40 50 54 19 45 59 92 64 21 47 14 22 14 20 70 49 92 49 30 90 68 1 39 22 47 58 80 14 55 33 88 65 61 34 62 67 59 52 62 97 50 94 87 74 65 46 15 11 28 56 6 79 56 72 66 14 66 61 26 36 61 31 64 22 59 1 66 14 29 45 50 27 71 6 89 66 34 87 13 27 2 88 70 6 13 54 25 89 26 42 54 38 38 62 36 36 58 97 59 82 77 64 9 61 55
91 21 91 87 35 94 36 48 22 64 48 79 18 45 76 51 63 85 24 33 9 95 57 19 41 41 16 53 43 20 24 77 19 9 19 81 9 79 53 64 54 8 63 87 92 16 44 71 21 21 15 39 41 68 27 93 7 70 21 86 1 88 11 18 58 54 34 79 40 95 34 35 30 57 9 22 35 81 26 94 95 33 29 27 4 44 66
53 85 60 47 61 41 60 93 52 11 2 19 36 65 36 24 62 31 23 99 59 40 63 39 34 85 75 65 2 45 89 75 28 21 56 69 57 7 93 8 99 65 86 65 3 32 57 88 44 11 36 18 62 42 7 24 64 23 36 36 50 92 2 8 97 98 13 50 60 3 53 17 1 55 70 38 65 95 30 34 6 77 87 8 9 24 71
89 49 77 30 99 0 84 19 5 6 90 24 93 25 23 76 8 5 4 81 24 39 69 17 40 29 21 44 1 99 40 5 29 29 14 89 42 47 31 49 2 20 96 17 72 70 50 51 23 73 50 24 82 63 46 38 17 70 15 71 63 90 26 77 67 11 60 66 41 10 96 9 40 90 31 20 53 78 48 95 99 87 5 98 11 42 63 72 22 36 62 92 87 28 4 0 81 80 94 79 32 39 90 55 18 63 91 28 67 98 86 73 60 26 6 60 60 92 0 53 63 96 24 72 53 57 50 91 5 68 79 13 76 2 38 35 43 25 66 68 74 12 18 23 88
85 96 88 80 3 23 19 73 18 78 33 37 99 54 22 72 83 59 63 81 74 49 40 84 28 71 25 32 31 18 62 16 20 57 49 2 13 66 17 51 97 16 97 40 43 52 92 2 9 67 65 84 2 85 82 26 13 43 19 65 6 84 51 4 23 42 69 43 31 27 73 47 40 1 0 35 50 7 40 67 26 67 92 81 46 70 40 48 35 39 41 4 26 85 0 96 85 83 4 72 95 29
8 3 87 48 30 24 44 83 39 72 27 8 33 27 48 77 46 70 98 80 17 89 54 50 2 52 94 28 10 84 36 77 63 40 84 10 26 27 56 33 56 64 53 99 47 25 29 50 53 83 9 89 53 93 64 62 75 97 23 51 81 71 2 11 87 79 3 59 88 59 48 72 19 71 13 24 57 31 99 1 60 75 73 24 23 38 98 46 16 19 91 49 35 56 21 91 98 63 71 43 16 75 2 23 77 47 9 74 35 30 43 10
69 56 1 11 19 95 34 38 77 27 12 84 75 58 73 61 95 11 82 35 95 54 32 30 96 20 81 5 99 66 96 64 41 85 89 38 72 74 74 35 36 86 34 72 84 70 93 74 80 2 75 94 22 29 14 17 83 67 51 89 49 42 69 31 73 41 46 92
82 52 6 30 71 93 11 23 8 38 21 15 98 98 49 41 83 67 59 73 30 85 83 77 94 35 73 87 38 36 27 35 12 92 27 51 8 17 99 12 54 66 34 43 9 91 75 52 44 11 10 20 33 36 19 54 37 89 53 81 1 13 11 75 61 2 36
69 8 46 5 26 3 34 76 3 2 4 24 20 8 35 3 50 24 3 47 94 27 60 51 64 91 11 82 96 84 36 4 36 19 99 63 10 37 11 19 93 42 37 50 42 58 18 59 73 42 6 29 38 83 18 53 93 34 88 22 27 24 71 80 54 34 92 91 64 80 77 1 21 52 34 71 43
