29 67 24 36 67 10 11 10
53 116 101 63 8 2 79 107 92 61 55 107
97 114 68 53 10 63 107 28 72 80 24 60 35 115 56 45 117 61
27 68 115 94 29 11 117 75 24 61 36 10 11 10
114 10 53 72 60 70 63 113 107 118 112 108 56 45 13 70
0 107 4 14 106 2 71 71 7 25 114 13 85
61 77 8 7 38 87 45 41
116 97 28 70 101 113 8 80 53 24 79 45 13 92 35 44 90 45
53 92 71 44 52 68 90 115 114 117 31 105 61 60 10 72 60 56
111 2 29 97 60 28 29 84 84 80 92 24 69 24 36 61 66 35 33 45 57 55 29 107 10 38 11 10
57 114 29 1 97 28 40 91 24 36 10 72 80 74 24 60 10 56 11 10 35 45
92 27 68 76 35 116 101 19 115 57 1 94 11 40 91 74 117 75 8 79 61
95 38 87 53 12 107 119 75 51 21 63 106 113 47 107 66 49 109 24 33
92 97 76 53 63 2 92 35 107 28 80 24 35 70 19 45 113 61 55 107 45 13
68 53 114 10 87 4 63 107 72 60 56 115 109 49 117 115 61
114 2 27 29 118 10 92 72 112 108 60 56 61 94 57 55 38 107 70 11 75
53 63 107 71 7 114 10 72 60 56 114 13
29 24 114 36 53 63 10 72 60 10 107 11 56 10
111 53 69 79 66 54 33 92 44 90
68 53 115 2 117 92 70 114 63 107 61 55 113 45 13 10 72 107 60 56 61
68 107 70 114 115 29 113 10 45 72 71 60 13 56 87 24 7 117 61 114 13 36 4 109 10 49 115 11 10
11 56 16 107 36 42 66 38 71 100 7 114 102 13
71 2 92 61 55 52 107 31 105 60
77 70 94 113 69 16 60 45 84 13 84 29
29 24 114 10 53 72 36 63 10 107 60 56 11 10
60 71 114 52 84 10 72 31 97 84 60 56 29 105 60 28 80 24 35 45
87 114 4 10 71 52 31 105 68 109 49 115 117 61 60 72 60 56 115
60 84 68 84 115 117 29 61 53 63 107
92 60 57 53 76 35 70 84 113 84 45 92 19 1 44 29 13 40 90 91 74
70 113 29 24 36 114 10 77 10 11 94 69 16 45 57 1 10 72 60 40 56 91 74 13
118 29 24 112 108 70 36 77 94 69 10 16 11 10
107 114 71 53 63 107 10 57 72 7 1 114 60 13 56 40 91 74
118 92 53 63 114 76 112 10 35 19 108 72 60 107 56 70
118 112 108 68 115 29 2 92 117 70 57 38 61 55 107
68 116 101 115 8 79 117 88 61
50 14 21 3 29 49 53 105 102
77 29 53 94 69 92 24 44 90 114 16 10 36 10 72 11 60 10 56
87 77 4 94 69 109 49 53 115 63 60 16 84 107 84 29
68 53 115 117 61 53 92 63 44 90 107
77 114 116 53 92 10 72 44 94 90 69 2 60 56 92 101 16 68 61 55 107 8 115 79 117 61
111 69 114 10 77 60 66 70 94 113 69 33 84 72 45 84 60 29 13 56 16
114 29 10 24 72 60 36 10 84 60 84 11 56 29 10
114 10 72 61 60 56 103
107 53 63 71 114 7 114 107 13 10 72 60 56
77 87 94 4 109 69 53 16 92 44 49 90 115
87 53 4 60 107 71 27 109 84 84 71 29 94 49 52 63 115 11 31 7 107 114 10 75 72 105 60 114 56 13
27 2 116 94 11 33 89 33 75
107 70 29 71 24 36 10 113 11 10 45 7 13 114 13
107 71 53 97 7 114 29 63 107 71 13 24 28 80 24 35 36 10 11 45 10 52 31 105 60
68 111 115 117 61 69 107 66 33 16 104
29 24 29 36 11 57 10 11 10 38
118 114 29 112 10 108 24 72 36 60 56 70 10 11 10
57 114 1 10 97 116 72 28 40 80 91 71 24 53 74 101 92 44 52 90 35 31 45 8 105 60 79 60 56
68 60 84 57 115 77 84 97 117 61 29 107 71 7 114 1 40 13 91 94 74 69 28 80 24 16 35 45
87 71 4 109 29 24 52 31 60 84 84 29 105 49 36 10 60 115 11 10
60 107 84 84 29 83
53 68 92 107 71 7 114 115 118 112 117 61 44 13 108 70 90
60 84 84 53 29 92 44 53 114 10 90 63 72 27 60 107 94 11 56 75
53 97 63 114 107 111 10 72 69 28 60 56 80 24 35 45 66 33
53 60 29 84 114 10 71 24 72 84 63 36 52 107 29 111 31 105 10 60 11 10 69 66 60 56 33
116 101 68 53 92 70 113 45 8 79 115 44 117 90 13 61
60 84 29 84 29 57 38
114 29 53 68 10 115 116 53 57 63 72 101 107 92 117 44 90 61 60 38 56 8 79
29 77 68 94 69 27 16 115 57 117 61 114 38 29 94 11 10 75 72 24 36 60 56 10 11 10
68 118 112 114 53 92 108 70 10 70 44 29 24 72 36 115 117 90 113 61 10 45 60 56 13 11 10
53 29 24 29 57 38 36 63 10 11 10 107
93 29 94 118 57 112 108 70 38 30
77 92 94 76 27 107 94 69 11 71 16 75 35 19 7 114 13
29 92 76 57 22 53 41 35 19 38
87 118 68 112 4 29 108 109 49 115 70 117 24 36 10 61 11 10
92 76 29 68 111 69 24 115 117 60 84 66 33 35 61 84 36 10 11 19 29 10
2 92 53 63 114 107 10 61 72 71 55 7 60 107 114 56 13
114 71 60 57 52 10 72 84 1 31 60 105 60 56 84 40 91 74 29
111 69 114 10 72 60 66 33 56
114 60 68 115 117 61 84 10 72 60 56 84 29
60 84 84 111 87 4 109 29 49 115 71 69 52 66 33 31 105 60
88 4 77 90 94 69 43 16
27 77 107 94 60 69 16 94 84 87 71 7 114 92 76 11 35 13 19 114 4 84 29 10 109 72 75 49 60 56 115
116 53 92 52 101 8 44 79 90
111 116 101 8 69 66 33 79 116
27 94 114 10 72 111 69 87 11 66 75 4 60 56 33 109 49 115
53 114 2 92 10 61 72 92 55 107 44 60 90 56
57 68 70 113 45 29 24 1 115 117 40 61 91 36 13 74 10 11 10
114 53 10 60 84 72 84 2 29 63 60 97 56 92 28 61 80 55 24 107 35 45
29 60 84 84 29 24 29 57 27 38 36 10 11 10 94 11 75
114 10 77 72 60 94 69 56 16 29 24 36 10 11 10
29 114 24 36 10 11 10 72 10 60 56
97 114 10 72 60 28 56 80 24 35 45
87 107 71 4 109 57 49 1 40 7 115 114 91 74 13
53 114 29 53 97 10 116 92 72 28 63 101 8 107 44 79 24 36 10 60 90 80 24 11 35 45 56 10
76 35 32 114 108 8 10 72 60 16 35 0 78 56 29
87 68 115 117 92 97 4 109 76 61 49 115 35 28 80 24 19 35 45
97 28 118 112 116 108 70 80 101 92 24 76 35 8 45 19 79
77 94 69 11 16
114 10 53 29 24 36 116 10 63 97 107 111 69 101 28 8 72 60 66 79 11 10 80 24 33 35 56 45
92 88 62 35 82 113 40 76 35 18 19 44
86 53 63 28 107 33 81 70 113 93 45 111 13 56 4 83 68 45 2
53 63 77 107 94 69 53 16 92 44 90
97 77 28 71 94 87 80 68 115 24 117 69 35 45 52 4 109 49 115 61 31 16 105 60
70 29 113 71 52 45 24 31 105 36 13 10 60 11 10
