7 42 102 55 85 93 67
112 112 44 22 106 74 76 116 69 78 33
94 24 6 82 34 92 40 34 89 39
106 3 74 7 104 85 69 85 119 93 116 15 2 112 69 78 113 97 33 20 6 49
17 112 55 112 51 14 88 108 55 44
49 17 51 14 63 88 108 50 102 27 110
17 10 118 78 9 56 116 49 44 11 7
7 112 85 106 16 13 112 44 74 76 25 116 93 95 69 78 33
7 85 9 115 82 106 44 29 74 0 93 2 68 116 69 78 33
62 88 37 38 99 42 50 90 38
92 68 29 28 17 61 15 118 112 10 114 118 75 49 112 11 44 7
26 106 74 95 116 69 76 61 78 27 33 4
106 84 7 85 93 85 69 2 51 41 67 106
43 7 33 44 106 56 85 74 55 88 11 108 116 93 55 69 78 33
17 10 29 118 28 49 61 11 55 7 88 118 108 75 55
75 106 84 51 41 85 67 69 106 2
30 92 17 68 15 51 114 0 81 14
92 16 7 85 13 93 3 104 80 68 26 15 95 103 113 76 114 97 25 76 61 20 37 26 27 95 102 110 4
92 84 51 112 41 112 44 16 68 67 106 15 13 76 25 114 95
112 112 9 115 44 106 74 116 69 0 78 33 2
82 29 49 68 3 88 108 104 113 50 102 27 97 20
106 7 55 85 93 88 85 108 69 55 2 76 1
7 85 119 82 29 68 15 93 112 6 49
17 7 85 51 93 14 17 10 118 49 11 7
43 33 9 7 85 44 56 93 115 44 11 0 2
106 74 92 43 33 44 56 116 69 78 85 69 33 2 68 11 3 104 113 15 114 97 20
26 95 17 51 76 14 61 27 4
2 25 49 61 98 21 3 97 104
9 82 115 112 44 29 0 112 26 44 2 68 92 95 68 76 15 61 27 114 4
82 29 7 85 68 119 15 112 93 6 49
112 112 106 44 80 74 103 37 26 102 110 55 88 108 116 55 69 78 33
116 99 61 33 11 93 38 79 81 22
26 95 92 68 76 15 61 114 27 4
82 29 7 85 93 43 68 33 44 56 11
7 3 85 104 93 113 97 20 16 13 76 25 95
82 106 74 29 116 17 69 68 10 78 118 33 49 11 7
49 88 17 106 85 69 10 118 108 2 49 11 50 7 102 27
80 82 29 43 103 68 37 33 26 44 102 84 51 56 41 67 11 110 106
91 7 69 31 27 98 19 85 31 93 34 77 35 84
92 43 68 15 114 33 44 56 11
26 17 10 95 118 9 49 11 76 115 1 44 0 7 2 61 27 4
84 92 43 106 51 68 15 114 33 44 41 74 116 69 56 67 11 78 106 33
41 74 106 61 17 85 80 51 14 69 2
82 26 29 68 3 95 76 61 104 113 97 27 20 4
92 68 76 1 119 15 9 7 112 85 93 15 115 44 6 114 0 2 49
17 9 10 115 16 13 76 44 25 95 0 118 49 2 11 7
76 46 49 88 100 108 1 50 102 27
3 104 113 106 74 116 55 88 17 97 10 69 78 20 108 118 33 55 49 11 7
3 17 26 55 29 49 104 113 28 88 61 118 106 85 10 75 108 118 108 69 49 97 2 11 55 95 50 102 7 76 61 20 27 4 27
106 16 82 29 28 61 85 118 69 2 7 75 13 68 85 76 25 93 95
106 85 16 69 13 2 76 97 25 95
17 84 51 7 80 103 37 26 102 41 85 67 14 110 93 106
29 92 28 68 61 118 75 15 114
106 49 92 88 74 68 43 116 33 69 108 50 44 102 78 15 33 56 11 114 27
92 16 68 15 114 13 76 25 95
106 55 88 108 7 74 85 55 93 116 69 78 33
76 3 104 113 63 78 97 20 111 17
106 74 119 116 15 112 6 69 49 78 33
112 96 112 93 35 42 98 44
84 84 51 41 45 67 106 52
26 95 76 1 61 27 4
7 3 104 2 85 93 63 113 97 20
76 37 38 33 78 49 88 26 85 102 55 38
3 9 26 95 43 115 49 33 44 76 104 61 88 106 44 56 113 85 11 97 27 20 4 69 0 2 108 50 102 27
112 84 7 51 112 85 93 41 44 67 106
113 7 32 97 82 82 56 91 87
76 1 26 109 95 76 61 27 4
16 13 43 33 44 56 76 25 95 11
7 43 33 112 112 44 76 1 85 44 93 56 11
17 114 108 68 41 17 51 14
112 45 109 42 112 108 67 50 44
98 110 114 1 81 56 108 101 98
7 80 85 103 106 37 74 116 69 49 78 26 102 88 93 33 108 110 50 102 27
82 17 51 3 29 14 68 104 113 97 20
106 116 79 81 32 22 13 4 82 90 41 69
55 112 74 88 51 108 39 50 55 116 13
92 40 38 87 47 68 15 90 79 78 62 114
106 26 95 76 7 119 85 3 93 104 113 61 97 85 20 69 2 15 27 4 112 6 49
106 82 29 11 68 85 69 112 2 82
84 26 95 76 61 27 51 4 41 67 106
84 17 3 51 41 16 67 104 51 106 13 14 113 97 76 20 25 95
84 51 41 29 28 67 106 61 118 75
35 76 101 59 1 84 51 41 98 62 67 11 72 23 113 74 10 106
17 29 28 10 55 88 61 118 49 11 118 7 75 108 55
17 80 103 10 37 118 26 102 110 49 11 7
9 84 115 3 104 113 51 97 44 41 0 2 67 106 20
7 85 80 106 93 103 37 55 119 74 26 102 110 116 15 88 112 6 108 49 69 55 78 33
49 112 112 44 20 88 108 50 102 27
106 74 116 55 69 88 108 55 78 33 84 51 41 67 106
82 106 74 116 92 29 68 3 69 78 68 104 15 33 114 113 97 20
76 43 33 1 84 51 44 56 11 41 67 106 29 28 61 118 75
101 16 56 105 64 89 13 63 33
89 92 68 64 75 82 55 15 29 41 114 68
92 49 68 88 15 108 50 114 102 27
49 88 108 50 106 102 74 17 116 69 27 10 118 78 49 33 11 7
17 10 118 106 49 11 74 7 116 69 78 33
49 88 108 48 50 102 27 112 112 44
56 112 112 4 3 59 68 44 83
7 76 16 85 1 93 80 13 76 25 95 103 37 26 102 110
26 7 95 76 26 85 93 61 117 14 27 19 4
70 17 2 61 10 92 96 43 89 51 53 41 14 49 27 61 109
106 29 28 61 112 112 44 118 75 74 116 69 78 33
49 119 15 17 88 106 51 14 112 6 108 74 50 102 116 49 69 27 78 33
34 55 6 71 34 13 61 58 46
106 119 15 74 116 112 69 78 6 33 49
76 55 106 1 49 3 104 88 113 97 108 74 108 55 116 69 78 20 50 102 33 27
92 9 115 44 0 68 2 15 114 3 104 113 97 20
106 29 28 61 118 75 74 26 95 116 69 78 76 61 27 4 33
17 10 118 112 17 49 11 51 14 55 112 44 88 108 55 7
119 112 112 15 112 6 44 9 115 49 44 0 2
102 106 74 116 7 69 85 93 27 78 71 33 0
29 28 80 103 37 61 7 118 85 93 26 75 102 110
55 17 10 88 108 118 55 106 49 74 116 11 69 7 78 33
106 85 112 92 3 84 51 69 104 49 41 68 112 67 113 97 2 106 88 15 20 108 50 102 114 44 27
87 7 115 85 88 62 105 57 9 0 56 65 31 0 0 24 0 93 36
119 15 112 29 28 26 9 61 118 95 75 6 49 115 76 61 44 0 27 2 4
82 17 10 29 118 49 11 7 68 16
41 112 43 33 44 79 77 83 112 44 56 11
7 85 88 97 46 9 93 90
55 88 9 115 108 55 44 0 26 2
49 114 0 52 97 39 17 94 51 14 10 85 40 10 63 30 81 17 19
101 98 40 15 102 0 118 23 49 75 17 21 5 99 96 93 22 37 83 97 84 42 87 118 80 110 7 109 85 8 64 115 99 84 93 49 28
49 29 106 74 28 88 108 9 115 50 44 102 0 116 27 69 2 78 61 118 33 75
45 5 4 64 99 109 74 64 15 16
119 17 49 51 88 15 14 108 112 3 6 50 104 113 49 102 27 97 76 1 20
3 104 113 7 85 97 106 85 26 93 69 2 20 95 76 61 27 4
119 72 15 115 106 112 6 89 0 51 39 49
49 88 92 76 68 15 1 114 112 112 108 44 50 102 27
9 82 115 29 28 68 43 61 33 118 44 56 44 75 11 0 2
70 106 63 38 26 112 85 112 54 44 108 69 15 2 59
76 84 49 88 108 1 50 51 102 41 27 67 106
7 85 80 93 17 16 13 10 76 118 103 37 49 11 7 26 25 102 95 110
7 85 119 93 15 112 80 6 49 103 37 26 102 110
106 30 74 116 25 101 69 78 102 33
118 29 7 85 93 52 32 28 61 118 75
106 85 43 69 7 33 85 44 2 56 93 11
55 82 17 51 88 14 9 108 29 115 68 44 55 0 2
92 112 112 44 119 15 112 6 49 68 15 114
112 119 15 17 112 51 82 14 49 44 29 7 68 112 85 93 6 49 88 108 50 102 27
34 7 51 85 11 112 72 98 112 44 93
7 3 85 119 93 104 82 113 29 15 112 6 97 49 68 20
101 66 83 101 80 80 85 114 40 77
92 16 106 13 76 74 25 68 95 116 15 69 114 78 33
11 9 54 20 5 89 96 89 70 117
111 106 67 85 69 76 2 1 39
17 10 33 118 7 85 93 49 11 7
112 112 17 10 118 44 49 11 7
44 17 10 118 49 11 66 7 96
106 85 69 29 82 2 28 49 119 61 29 88 68 118 75 15 112 6 108 49 50 102 27
17 51 29 14 28 61 118 75
112 80 29 103 37 26 102 28 110 112 61 118 44 75
106 119 15 112 6 49 74 116 69 78 33
43 33 44 16 56 9 11 13 76 25 95 115 119 15 44 0 2 112 6 49
42 58 70 51 92 108 96 1 90 42
106 17 85 26 16 80 13 51 14 76 103 37 25 17 95 26 76 95 69 112 2 61 10 112 44 27 102 4 110 118 49 11 7
16 27 13 113 30 76 25 95 5
17 10 118 106 119 85 49 69 2 11 15 112 6 7 49
84 49 51 41 88 108 67 106 50 102 27
63 95 50 104 94 101 100 61 91
9 3 115 104 112 113 7 85 44 0 2 97 112 20 93 44
112 112 117 44 106 85 69 1 2
92 26 95 80 103 68 76 37 55 61 15 26 27 88 114 102 110 108 55 4
14 57 17 10 118 49 11 7
100 42 28 74 2 71 10 102 43 110 46
29 28 61 76 118 1 75 112 112 44
55 88 17 51 7 14 108 55 85 93
17 76 51 1 14 3 104 113 97 20
84 51 80 41 38 115 67 6 10 106
9 3 104 115 113 106 74 116 44 97 69 78 0 2 20 33
76 106 74 1 112 116 69 78 33 112 44
17 76 10 7 118 85 49 93 80 11 1 103 106 7 37 74 116 69 26 102 78 33 110
16 102 13 76 108 1 35 25 95
92 68 2 82 15 112 87 18 114 86 25 0 30 7
26 80 84 51 41 103 67 37 95 106 76 26 76 17 102 110 61 51 27 4 1 14
16 43 33 13 76 25 44 95 56 11
77 9 5 95 115 44 0 2
76 112 1 112 16 44 13 76 25 95
90 72 76 29 73 1 110 20 119 48 0 11
26 16 13 76 25 95 76 61 27 4 95
92 69 74 55 22 88 108 60 14 107 55 103 69 6 55 4
29 28 61 118 3 75 106 85 69 104 2 7 113 97 26 20 95 76 85 61 27 93 4
106 85 69 80 17 9 55 115 88 108 2 44 51 55 103 14 0 2 37 26 102 110
3 104 9 115 44 0 43 113 17 97 33 44 56 11 10 2 20 118 49 11 7
17 51 14 92 29 28 61 118 68 7 15 114 75 85 93
76 78 64 112 1 73 112 56 44
17 10 51 81 118 20 35 84 49 33 11 7
49 43 33 88 55 88 44 108 56 108 11 50 55 102 27
82 106 17 51 14 29 85 69 2 68
112 26 76 112 95 1 76 61 44 27 4
49 106 88 74 108 116 69 50 102 78 33 27 55 88 108 55
7 85 9 84 115 44 0 93 51 41 67 2 106
55 106 74 116 69 78 88 108 55 33
80 49 88 108 50 103 37 26 102 27 110
7 17 112 51 55 14 112 85 44 88 93 108 55
17 10 118 49 11 7 85 93
26 95 76 61 27 49 88 4 108 50 102 27
112 112 80 103 37 44 26 102 110
80 103 37 106 26 102 74 116 106 69 85 78 69 110 2 33
35 65 93 39 112 56 107 52 69 38
26 43 33 44 95 56 11 76 17 10 118 112 61 112 49 44 27 11 4 7
